date,open,high,low,close,volume
2016-09-06,136.62,136.85,135.63,135.97,2242382
2016-09-07,135,135.96,134.2,134.99,2816745
2016-09-08,134.47,135.62,134.41,135.44,2823703
2016-09-09,134.71,135.15,133.62,133.62,3322113
2016-09-12,132.71,135.72,132.39,135.53,3457351
2016-09-13,134.24,135.15,133.37,133.95,3329168
2016-09-14,133.87,134.69,132.98,133.69,4592412
2016-09-15,133.03,136.09,132.88,135.61,3332592
2016-09-16,135.61,138.55,135.53,138.47,7421705
2016-09-19,138.68,139.39,137.52,137.68,3239411
2016-09-20,138.13,138.53,137.055,137.47,2425739
2016-09-21,138.2,139.96,137.99,139.91,3506621
2016-09-22,140.49,141.41,140.326,141.04,3018272
2016-09-23,141.02,141.78,140.36,140.51,2801957
2016-09-26,139.95,140.17,138.9,139.72,2636458
2016-09-27,139.99,140.84,138.69,140.79,3048640
2016-09-28,141.13,141.71,139.66,140.41,1990377
2016-09-29,140.18,140.28,137.84,138.32,2198063
2016-09-30,139.18,140.48,138.42,140,4163758
2016-10-03,139.35,139.72,138.025,138.49,2724399
2016-10-04,138.69,139.3599,137.16,138.16,2452575
2016-10-05,138.21,138.93,136.6,137.6,4625386
2016-10-06,137.31,137.49,135.66,136.47,4024827
2016-10-07,137.21,137.55,135.981,136.66,2568165
2016-10-10,136.97,138.35,136.97,138.08,2547186
2016-10-11,137.32,137.69,134.37,134.75,3353588
2016-10-12,134.98,135.72,133.64,135.1,4287859
2016-10-13,134.65,134.65,133.61,134.19,3425670
2016-10-14,134.78,135.51,133.89,133.92,3452916
2016-10-17,134.06,134.43,133.03,134.13,3601584
2016-10-18,139.2,143.95,137.87,143.39,10138080
2016-10-19,143.82,146.36,142.8201,144.37,5792611
2016-10-20,144.49,145.88,143.98,145.07,5203669
2016-10-21,144.26,145.44,143.76,145.37,3323636
2016-10-24,146,146.22,144.02,144.69,2929259
2016-10-25,144.88,145.38,143.6,143.78,3095334
2016-10-26,143.75,143.78,141.885,142.23,3267632
2016-10-27,142.72,143.25,141.58,141.94,3356466
2016-10-28,141.66,142.35,139.44,140.35,4033636
2016-10-31,140.8,141.54,139.97,141.33,3758789
2016-11-01,141.51,141.51,138.82,139.43,3388302
2016-11-02,139.02,141.23,138.93,138.98,3146805
2016-11-03,139.18,140.34,137.65,137.83,2989587
2016-11-04,138.45,138.89,137.69,137.71,3520737
2016-11-07,139.6,142.44,139.55,141.93,3896553
2016-11-08,141.35,143.61,141,142.9,4386537
2016-11-09,139.54,144.19,136.22,141.9,8036602
2016-11-10,142.34,146.57,142,146.13,6075529
2016-11-11,146.71,147.5,146.01,146.42,4475404
2016-11-14,147.32,152.92,147.04,152.28,5740415
2016-11-15,153.51,153.96,151.51,152.23,4910721
2016-11-16,151.99,153,151.23,151.5,3898655
2016-11-17,151.82,151.92,150.19,150.77,4675031
2016-11-18,151.05,151.66,149.4,149.45,5664808
2016-11-21,149.72,150.66,148.56,150.41,3865238
2016-11-22,151.08,152.93,150.56,152.26,4990149
2016-11-23,152.01,153.74,150.96,153.54,2838847
2016-11-25,153.93,154.5,152.61,152.81,1664542
2016-11-28,152.74,152.85,150,152.11,5023544
2016-11-29,156.94,158.1239,155.18,157.59,5827435
2016-11-30,157.47,159.76,157.07,158.32,7142359
2016-12-01,159.12,161.72,159.12,160.94,5250064
2016-12-02,161,162.52,160.56,160.73,3478152
2016-12-05,160.19,160.67,156.23,157.63,5846290
2016-12-06,158.17,158.23,156.26,157.32,3214566
2016-12-07,157.89,159.98,156.35,159.4,4552337
2016-12-08,159.41,160.24,158,159.32,3407518
2016-12-09,159.52,160.16,157.71,160.12,4005079
2016-12-12,158.83,159.66,157.75,159.49,3471408
2016-12-13,160.4,161.7099,160.065,160.54,3800660
2016-12-14,161.14,161.8,158.72,159.86,3882285
2016-12-15,159.87,161.29,159.43,160.62,4422938
2016-12-16,161.38,164,161.19,163.94,7604940
2016-12-19,163.09,163.94,161.22,161.54,4732117
2016-12-20,161.71,163.11,161.41,161.59,3131151
2016-12-21,161.42,162.29,159.62,161.33,2768016
2016-12-22,161.39,161.88,160.27,161.58,2741699
2016-12-23,161.56,163.04,160.5501,163.03,2044462
2016-12-27,163.26,163.96,162.45,162.64,1343942
2016-12-28,162.16,163.25,161.32,161.44,1631706
2016-12-29,161.92,162.36,160.39,161.04,2476270
2016-12-30,161.37,161.48,159.85,160.04,2855470
2017-01-03,161.13,162.27,159.15,161.45,3540336
2017-01-04,162.35,162.58,159.74,161.91,2692846
2017-01-05,161.75,162.63,161.51,162.18,2675823
2017-01-06,161.75,162.94,161.11,162.41,3081208
2017-01-09,162,162.43,160.78,161.95,3041365
2017-01-10,161.27,162.98,160.5,161.58,3500741
2017-01-11,161.3,162.94,160.6101,161.89,3328556
2017-01-12,161.69,162.94,160.89,162.36,2553592
2017-01-13,162.16,162.739,161.41,161.8,3181371
2017-01-17,162.61,162.97,157.51,160.66,5472399
2017-01-18,161.06,161.2,156.09,157.74,6586778
2017-01-19,157.74,160.55,157.24,158.7,4974360
2017-01-20,159.02,159.8,157.81,158.66,3576361
2017-01-23,158.62,159.52,156.56,159.07,4062431
2017-01-24,159.36,161.31,159.1,160.43,3513900
2017-01-25,160.82,161.98,160.35,161.24,3604897
2017-01-26,161.86,163.58,161.25,162.75,4201638
2017-01-27,163.5,163.8,162.62,162.99,3110360
2017-01-30,162.94,163.46,161.31,162.09,2784548
2017-01-31,161.62,162.19,160.01,162.1,3036891
2017-02-01,162.75,163.9,162.03,162.71,3718557
2017-02-02,162.52,163.25,160.26,160.76,4662895
2017-02-03,161.13,162,160.21,161.87,2762476
2017-02-06,161.51,162.53,160.22,160.51,3478970
2017-02-07,161.05,161.68,159.54,160.53,2942689
2017-02-08,160,160.63,159.41,160.31,2335432
2017-02-09,160.34,161.3,159.56,160.44,3056620
2017-02-10,160.12,161.59,160.1,160.75,1905872
2017-02-13,160.69,162.02,160.69,161.99,3275837
2017-02-14,161.45,163.5,161.25,163.13,2969704
2017-02-15,162.58,164.89,162.58,164.29,4537759
2017-02-16,164.78,164.97,162.33,163.65,3190128
2017-02-17,159,160.16,156.49,157.62,11984750
2017-02-21,157.62,160.815,157.52,160.57,5418756
2017-02-22,160.91,161.78,159.64,160.57,2725286
2017-02-23,161.33,162.6,160.6901,162.6,2459908
2017-02-24,162.67,163.09,161.74,163.06,2715668
2017-02-27,163.16,165.46,162.81,165.38,4071494
2017-02-28,165.47,166.76,164.9,165.38,4382037
2017-03-01,166.72,168.6,166.35,167.94,3513987
2017-03-02,168.32,168.43,166.96,167.31,1888552
2017-03-03,167.37,168.45,166.62,168.2,2254393
2017-03-06,167.43,169.35,167.13,168.7,2576419
2017-03-07,168.45,169.36,167.93,168.3,2701984
2017-03-08,167.61,168.46,166.8,167.91,2048052
2017-03-09,168.15,169.07,167.74,168.01,3631803
2017-03-10,168.42,170,168.06,169.98,3716308
2017-03-13,169.99,170.93,169.55,170.21,2951675
2017-03-14,169.66,170.18,168.5,169.06,2522638
2017-03-15,169.36,171.97,169.29,171.78,2807551
2017-03-16,172.07,172.14,170.22,171.3,3138515
2017-03-17,171.09,171.54,169.59,169.7,5615901
2017-03-20,169.93,170.24,167.92,168,3928639
2017-03-21,168.67,168.82,167.06,167.7,4953605
2017-03-22,168.13,168.38,165.63,167.03,2998099
2017-03-23,166.23,166.93,164.77,165.29,3946310
2017-03-24,166.2,167.4,164.35,165,5243677
2017-03-27,163.99,165.11,163.31,164.6,4383018
2017-03-28,164.58,166.07,163.84,165.35,7326614
2017-03-29,164.66,164.97,162.74,163.44,5899521
2017-03-30,163.65,165.93,163.46,164.99,2993828
2017-03-31,164.64,165.1,163.75,164.01,3495922
2017-04-03,164.62,166.14,164.25,165.59,3473558
2017-04-04,165.87,166.45,164.79,164.97,2885963
2017-04-05,165.76,167.26,165.22,165.37,3540706
2017-04-06,165.45,166.02,164.84,165.34,2923983
2017-04-07,164.96,166.5,164.62,166.02,2928086
2017-04-10,166.19,167,165.28,165.48,3234913
2017-04-11,164.89,165.84,164.6,165.83,3172925
2017-04-12,166.32,166.42,164.6,165.56,2978358
2017-04-13,164.95,165.65,164.67,164.96,1979135
2017-04-17,164.99,167.42,164.96,167.18,4394676
2017-04-18,170.06,170.23,167.7,168.59,5524102
2017-04-19,169.59,171.19,168.6901,169.25,4703273
2017-04-20,169.52,172.19,168.37,171.54,3652110
2017-04-21,172.13,172.62,170.47,171.16,2982200
2017-04-24,172.66,173.16,171.7,172.33,2830065
2017-04-25,173.5,174.74,173.19,174.04,3394641
2017-04-26,174.09,175.65,173.98,174.38,2816384
2017-04-27,174.07,176.07,174.0167,174.63,2438613
2017-04-28,174.61,175,173.91,174.88,2010757
2017-05-01,175,176.14,174.09,174.59,2709852
2017-05-02,174.91,175.3684,170.2735,174.14,4949987
2017-05-03,173.75,174.3,171.86,172.54,3622179
2017-05-04,173.05,174.21,172.38,174.02,2585102
2017-05-05,174.54,174.88,173.31,174.12,2188677
2017-05-08,173.93,174.56,173.5671,174.44,2506036
2017-05-09,174.1,174.77,172.73,173.24,1653704
2017-05-10,173.04,173.64,172.461,173.39,1568719
2017-05-11,172.76,173.856,171.67,173.32,1901252
2017-05-12,172.64,173.39,171.52,171.81,2335390
2017-05-15,171.79,172,170.23,171.53,2817540
2017-05-16,170.67,171,167.25,168.12,4343138
2017-05-17,166.96,170.39,166.65,168.86,4440101
2017-05-18,168.25,173.98,167.87,171.45,3905733
2017-05-19,172.3,172.95,170.25,172.59,3875152
2017-05-22,172.73,174.9,172.6,174.7,3480347
2017-05-23,174.44,175.52,173.71,175.22,2471635
2017-05-24,175.45,176.1,174.52,175.59,1653432
2017-05-25,176.32,178.73,175.9396,178.05,3211824
2017-05-26,177.68,178.89,177,177.5,1580881
2017-05-30,177.54,178.08,176.24,176.59,2285652
2017-05-31,176.89,176.9,174.92,175.18,3320880
2017-06-01,175.78,179.58,175.19,179.58,2882222
2017-06-02,179.92,179.92,178.34,179.39,2610112
2017-06-05,179.53,180.3207,179.16,179.37,2640609
2017-06-06,179.19,181.06,178.48,180.82,3443854
2017-06-07,182,183.47,179.65,183.21,3783593
2017-06-08,183.34,183.76,180.98,181.69,3065024
2017-06-09,181.84,182.4,180.8595,181.46,2392422
2017-06-12,181.01,181.82,176.42,179.25,3701418
2017-06-13,179.21,181.39,179.145,181.05,2458473
2017-06-14,180.94,182.84,180.94,182.36,2039889
2017-06-15,181.75,183.5,180.09,180.38,3078698
2017-06-16,180.83,182.46,180.38,181.63,4471493
2017-06-19,182.3,183.02,180.76,183.02,3793530
2017-06-20,182.75,183.42,182.2151,183.27,2742596
2017-06-21,183.49,185.11,182.71,184.92,2794325
2017-06-22,184.9,188.66,184.78,186.5,3703445
2017-06-23,186.27,186.27,184.1353,185.25,3438239
2017-06-26,185.13,185.89,183.39,185.12,2327363
2017-06-27,185.72,186.8,184.22,184.6,2681338
2017-06-28,185.68,186.31,185.0901,185.7,2451210
2017-06-29,185.82,186.09,184.33,185.27,2191150
2017-06-30,185.15,186.19,184.93,185.42,2391755
2017-07-03,186.29,187.53,185.74,186.65,2087013
2017-07-05,186.14,188.36,185.72,188.25,2587208
2017-07-06,188.12,188.185,186.15,186.94,1844743
2017-07-07,187.35,188.43,187.01,187.96,2166726
2017-07-10,187.33,188,186.15,186.95,2568326
2017-07-11,187,187.66,185.09,185.95,2664322
2017-07-12,186.79,187.3,186.41,186.69,3342827
2017-07-13,187,187.28,185.32,185.48,2378207
2017-07-14,185.81,187.13,184.77,186.9,2697295
2017-07-17,187.07,187.245,185.76,186.35,2437714
2017-07-18,186.95,187.2,183.86,186.85,4227824
2017-07-19,187.51,189.41,187.51,189.19,3401646
2017-07-20,189.41,191.92,188.92,191.5,3082625
2017-07-21,191.38,193,190.6001,191.78,4911549
2017-07-24,191.79,192.17,190.64,190.89,2315235
2017-07-25,192.13,192.48,190.3,190.4,1960046
2017-07-26,190.02,191.53,189.38,190.75,2683397
2017-07-27,190.24,190.49,188.46,188.93,2631253
2017-07-28,189.11,191.244,187.6,191.15,1924806
2017-07-31,191.59,192.61,191.14,191.81,3776476
2017-08-01,193.4,193.4,191.6201,192.23,3319226
2017-08-02,192.14,193.45,192.14,193,2464092
2017-08-03,193.26,194.96,193.01,194.77,2885818
2017-08-04,194.95,196.04,194.6,194.88,2791348
2017-08-07,194.81,195.41,193.9,194.78,2074754
2017-08-08,194.68,194.99,194.08,194.9,1725874
2017-08-09,194.9,195.36,194.165,194.83,2125576
2017-08-10,194.26,194.3876,192.4,192.57,2655069
2017-08-11,193.91,194.54,192.66,193.02,2210720
2017-08-14,194.6,194.75,192.9,193.71,2321980
2017-08-15,194.47,195.01,193.81,194.5,1594820
2017-08-16,194.81,195.27,192.83,193.77,1881640
2017-08-17,193.75,194.24,192.66,192.7,2372237
2017-08-18,192.84,193.2,190.63,190.82,2858481
2017-08-21,190.88,192.31,190.88,192.03,1878205
2017-08-22,192.15,194.96,191.56,194.79,2021757
2017-08-23,194.5,194.59,193.72,194.24,1546971
2017-08-24,194.55,195.07,194.21,194.75,1923668
2017-08-25,195.33,195.54,194.14,194.36,1371329
2017-08-28,194.59,195.81,194.36,195.09,2009912
2017-08-29,194.83,197.04,194.33,196.73,2072200
2017-08-30,196.38,196.88,195.2,195.88,1480892
2017-08-31,196.93,199.49,196.39,198.9,2989929
2017-09-01,199.79,199.99,198.36,199.75,2242023
2017-09-05,199.2,200.44,198.71,199.31,2701335
2017-09-06,199.54,199.99,197.63,198.38,3040202
2017-09-07,197.77,199.48,197.07,198.17,2684579
2017-09-08,198.43,198.86,197,197.75,2203495
2017-09-11,199.25,200.42,198.78,199.58,3307919
2017-09-12,199.44,199.47,196.91,197.47,2552968
2017-09-13,197.8,200.76,197.78,198.33,2394272
2017-09-14,197.95,198.38,197.09,197.73,2378614
2017-09-15,198.52,199.71,197.2,198.18,4184925
2017-09-18,198.17,198.82,197.51,198.19,1915278
2017-09-19,198.44,198.6,192.39,194.65,3818419
2017-09-20,195.02,195.84,194.06,195.75,2788415
2017-09-21,195.63,196.13,194.9,195.21,1881559
2017-09-22,195.11,195.87,188.25,193.03,5595598
2017-09-25,193.27,196.31,190.92,191.75,3103611
2017-09-26,192.31,194.36,192.04,192.7,2774750
2017-09-27,193.2,195.615,191.74,194.49,3230321
2017-09-28,194.25,196.545,193.51,196.1,2088373
2017-09-29,195.82,196.09,194.48,195.85,2635528
2017-10-02,196.59,197.91,196.33,197.44,2813404
2017-10-03,197.5,199.4425,197.26,198.63,2533804
2017-10-04,199.03,200.73,198.43,200.48,2284542
2017-10-05,199.93,199.93,196.56,197.9,4068877
2017-10-06,197.9,199.99,197.51,198.06,3265387
2017-10-09,198.01,198.32,195.78,196.3,3365245
2017-10-10,196.26,196.43,193.67,194.68,2499660
2017-10-11,194.63,196.07,193.59,195.26,2935214
2017-10-12,195.01,195.36,192.73,192.92,2941228
2017-10-13,189.59,192.71,186,192.52,5434149
2017-10-16,192.48,193.32,191.36,193.2,2921089
2017-10-17,196.8,206.62,196.37,203.89,8896803
2017-10-18,203.8,207.8,203.68,205.23,4796312
2017-10-19,205.47,205.745,202.7,203.25,3471433
2017-10-20,204.26,208.21,203.69,207.49,5137724
2017-10-23,207.58,208.45,205.8,207.01,2261286
2017-10-24,206.38,208.23,205.88,208.15,3441234
2017-10-25,208.32,209.14,207.071,207.56,2907554
2017-10-26,207.92,211.7,207.58,209.15,4345793
2017-10-27,209.15,212.77,208.545,212.6,4385239
2017-10-30,212.21,212.77,209.38,209.39,2477164
2017-10-31,209.39,210.52,207.8,210.22,3699264
2017-11-01,211.62,212.63,208.92,209.53,1902849
2017-11-02,210.11,211.485,209.01,211.1,2825917
2017-11-03,210.72,213.83,210.1,212.87,2197046
2017-11-06,211.91,213.93,211.8,212.12,2293688
2017-11-07,212.74,213.54,210.89,212.7,1845805
2017-11-08,212.08,212.925,210.7,210.77,2261401
2017-11-09,210.59,211.76,209.13,211.56,1839583
2017-11-10,211.46,211.81,210.2,211.07,1384718
2017-11-13,210.31,213.535,209.94,212.66,2662190
2017-11-14,212.21,212.7,210.92,211.71,1993891
2017-11-15,210.88,211.98,209.62,209.86,1812578
2017-11-16,210.38,212.01,209.9,211.13,1912484
2017-11-17,210.46,211.455,209.15,209.9,1887529
2017-11-20,210,210.68,209.58,210.25,2040368
2017-11-21,211.13,212.85,210.75,212.6,2327411
2017-11-22,212.26,212.805,210.76,211.22,2257892
2017-11-24,212,212.93,211,212.51,743961
2017-11-27,212.25,214.25,211.81,212.4,2854934
2017-11-28,213.88,216.31,212.51,216.14,2905632
2017-11-29,217.7,224.27,217.36,222.88,4247093
2017-11-30,223.83,228.75,222.29,228.17,6845851
2017-12-01,228.89,229.22,221.081,226.78,3325953
2017-12-04,229.26,231.77,221.4,221.42,5590403
2017-12-05,221,223.7199,219.16,220.09,3246161
2017-12-06,221.02,221.96,219.03,219.94,2397334
2017-12-07,220.59,220.61,218.19,220.15,2661559
2017-12-08,220.55,224.33,220.22,223.91,2228136
2017-12-11,224.16,224.82,222.04,222.77,1598981
2017-12-12,222.31,223.42,221.26,222.49,2292615
2017-12-13,221.74,224.95,221.23,224.35,3059417
2017-12-14,225,226.97,221.01,221.25,2805700
2017-12-15,223.75,223.75,220.63,221.82,6289819
2017-12-18,222.6,224.81,222.19,222.67,3194074
2017-12-19,222.99,223.79,220.85,222.04,2337685
2017-12-20,223.11,224.89,221.73,222.38,2633241
2017-12-21,223.12,223.94,221.37,221.69,2948552
2017-12-22,222,222.35,218.45,220,1959419
2017-12-26,219.09,220.42,219.09,219.6,1481938
2017-12-27,219.98,221.44,219.25,220.42,1861886
2017-12-28,221.46,222.79,220.15,222.77,1452008
2017-12-29,223.95,223.95,220.46,220.46,2274937
2018-01-02,221.02,222.45,220,221.16,3484859
2018-01-03,221.62,223.81,220.52,223.48,2416126
2018-01-04,224.34,226.1,224.17,224.45,2748967
2018-01-05,225.19,229.05,224.72,228.73,2432743
2018-01-08,228.13,228.71,224.61,224.76,2849421
2018-01-09,224.76,226.63,223.3,225.88,2628046
2018-01-10,224.83,225.01,223.03,224.2,2311608
2018-01-11,224.18,225.92,223.7,225.39,2543363
2018-01-12,227.45,229.9,226.52,228.64,3934342
2018-01-16,233.37,235,231.25,232.9,6846622
2018-01-17,234.67,238.96,233.85,238.43,5097387
2018-01-18,239.26,243.9,238.5501,243.16,6230851
2018-01-19,244.18,244.35,241.07,243.35,4290196
2018-01-22,243.59,243.795,241.36,243.56,4009012
2018-01-23,242.99,246.98,242.41,245.21,3266246
2018-01-24,246.01,247.3137,243.71,244.85,2662707
2018-01-25,244.75,246.19,243.9,245.18,2353258
2018-01-26,245,248.735,244.46,248.47,2614600
2018-01-29,249.28,250.79,247.4,247.41,2564360
2018-01-30,232.88,242.74,232.1,236.65,11556630
2018-01-31,242.84,247,235.76,236.78,5184700
2018-02-01,235.26,237.82,233.83,235.22,4260403
2018-02-02,233,236.3,231.19,231.88,3869974
2018-02-05,230.79,233.11,208.48,220.02,6146823
2018-02-06,212.2,226.509,210.21,225.18,6899882
2018-02-07,222.33,229.29,221.51,225.82,5526327
2018-02-08,225.33,226.63,216.26,216.46,4891616
2018-02-09,218,223.28,212.01,220.96,6224865
2018-02-12,222.44,228.0001,222.15,225.69,4911936
2018-02-13,223.15,227.12,222.385,226.64,3322287
2018-02-14,224.95,229.34,223.92,228.78,2878203
2018-02-15,229.27,230,221.74,226.02,4528638
2018-02-16,225.99,230.55,225.7,229.37,3619520
2018-02-20,227.91,228.75,225.61,226.66,3169102
2018-02-21,226.15,229.35,225.11,225.13,3363677
2018-02-22,226.3,229.84,225.08,227.09,2768042
2018-02-23,227.9,230.32,225.905,230.16,2393824
2018-02-26,231.64,234.51,229.7,234.06,3103739
2018-02-27,234.4,235.89,232.44,232.52,2898759
2018-02-28,234.42,234.75,226.09,226.16,4361212
2018-03-01,225.7,229.29,222.738,224.45,3508994
2018-03-02,223.21,225.82,222.59,225.19,2613602
2018-03-05,223.37,229.43,222.79,228.38,2627297
2018-03-06,228.92,229.1534,223.89,226.18,2648845
2018-03-07,224.35,227.815,223.75,227.27,3241739
2018-03-08,227.93,227.99,223.92,224.73,3671088
2018-03-09,226.11,226.52,222.5,225.43,4834563
2018-03-12,226.21,227,222.77,222.77,3116852
2018-03-13,223.53,228.06,223.16,226.94,3343608
2018-03-14,227.13,229.39,225.02,225.38,3047965
2018-03-15,225.83,230.76,225.66,229.48,3197203
2018-03-16,229.66,231.27,227.75,227.86,5690267
2018-03-19,227.31,227.97,223.68,225.05,3343189
2018-03-20,225.16,227.6,223.88,226.78,3429080
2018-03-21,226.45,227.44,222.82,222.82,3419657
2018-03-22,221.65,221.6613,215.1,215.21,5754747
2018-03-23,215.75,217.73,212.495,212.55,5738757
2018-03-26,215.19,219.41,214.7,219.07,3423922
2018-03-27,220.32,221.95,216.41,217.96,3721941
2018-03-28,218.89,219.91,217.04,218.5,3178365
2018-03-29,219.38,223.35,214,214,5523732
2018-04-02,218.46,222.99,214.63,217.2,6195254
2018-04-03,220.34,225.1,219.69,224.58,4651423
2018-04-04,220.69,229.48,220.42,228.79,4671385
2018-04-05,229.46,231.58,226.795,229.07,3341467
2018-04-06,226.65,228.19,221.82,223.96,3222617
2018-04-09,225.58,226.13,222.36,222.73,3030725
2018-04-10,225.4,228.16,223.49,226.79,2760386
2018-04-11,224.27,225.39,221.69,221.9,3481955
2018-04-12,224.04,225.75,223.41,224.24,2658127
2018-04-13,225.1,226.13,223.08,224.28,2334566
2018-04-16,227.11,231.849,226.35,230.32,4501779
2018-04-17,239.31,241.67,236.0773,238.55,6006366
2018-04-18,239,239.74,236.3,236.4,2939977
2018-04-19,236.2,238.27,234.8,235.76,2713009
2018-04-20,236.05,237.1,233.5,235.06,2840765
2018-04-23,235.29,236.21,233.08,234.34,3049568
2018-04-24,235.95,237.32,232.56,234.22,2706677
2018-04-25,233.45,235.1,230.44,234.9,2715902
2018-04-26,235.73,237.84,234.33,237.03,2237153
2018-04-27,237.63,240.54,237.15,240.18,2301449
2018-04-30,241,241,236.4,236.4,3444793
2018-05-01,237,237.49,234.36,236.85,2633467
2018-05-02,235.38,236.21,232.86,233.46,3296800
2018-05-03,231.97,234.8,229.3075,234.15,2731283
2018-05-04,233.1,236.65,232.16,235.9,1999562
2018-05-07,235.88,236.9899,232.63,233.78,3046578
2018-05-08,233.72,233.72,230.65,232.03,2696985
2018-05-09,233.05,233.42,228.23,229.21,3504178
2018-05-10,230.15,234.29,229.36,233.71,2166364
2018-05-11,233.58,238.8,232.9483,238.28,3043007
2018-05-14,238.9,243.67,238.82,242.9,3893566
2018-05-15,241.86,242.22,238.666,239.5,2395016
2018-05-16,239.65,241.81,238.57,241.72,1906025
2018-05-17,241.49,243.56,240.54,242.96,2375544
2018-05-18,243.37,244.76,242.39,244.64,2283816
2018-05-21,245,249.17,244.84,247.9,3040271
2018-05-22,248,248.05,243.84,245.18,2643110
2018-05-23,244.03,245.5,241.635,244.26,3047826
2018-05-24,244.57,245.44,242.2,242.73,2610126
2018-05-25,242.95,245.58,242.44,244.95,1554866
2018-05-29,243.86,243.86,240.24,242.17,2837741
2018-05-30,243.74,245.75,242.63,244.94,2059917
2018-05-31,244.21,244.745,240.6767,241.51,2965901
2018-06-01,243.74,243.74,241.29,243.35,2371107
2018-06-04,244,245.24,242.74,244.63,2188866
2018-06-05,245.09,245.1146,241.91,244.43,1531865
2018-06-06,246.32,248.72,245.13,248.65,2648695
2018-06-07,249.76,250,248.25,248.98,2116133
2018-06-08,249.46,251.5,248.07,250.68,3034507
2018-06-11,250.84,254.99,250.4,253.78,2773837
2018-06-12,253.2,253.94,250.17,253.58,2512309
2018-06-13,254.14,256.73,252.48,252.87,3008071
2018-06-14,254.47,255.99,253.66,255.33,2456544
2018-06-15,254.27,255.98,252.56,255.98,4724018
2018-06-18,254,255.01,252.135,254.87,1961605
2018-06-19,252.97,253.3,251.16,253.02,2370139
2018-06-20,253.315,253.73,251.88,252.81,2580382
2018-06-21,252.95,253.65,250.92,251.89,2072587
2018-06-22,252.24,255.11,251.19,254.37,2742468
2018-06-25,254.36,255.13,248.61,250.71,3060334
2018-06-26,250.56,252.47,249.54,249.77,2157265
2018-06-27,250.29,251.76,248.13,248.17,2480966
2018-06-28,247.13,248,242.23,244.9,3554343
2018-06-29,244.9,247.4999,244.6,245.34,2772586
2018-07-02,245,247.73,244.12,247.48,1793295
2018-07-03,248.3,248.75,246.74,246.98,1247991
2018-07-05,249.11,250.9262,247.58,250.5,2177654
2018-07-06,251.01,251.73,249.4212,250.76,1572264
2018-07-09,252.13,254.01,251.05,253.67,2031481
2018-07-10,254.18,256.9,253.75,255.54,2010329
2018-07-11,255.14,256,253.735,254.59,1446506
2018-07-12,256.18,256.82,254.92,256.05,1592695
2018-07-13,256.39,259.01,256.02,258.7,2356071
2018-07-16,258.29,258.45,256.435,256.98,3622024
2018-07-17,251.55,252.52,246.2694,250.29,6884094
2018-07-18,251.11,256.61,250.44,255.42,3296903
2018-07-19,255.32,256.5,251.85,252.93,2244134
2018-07-20,251.17,253.55,251.17,252.7,1959528
2018-07-23,252.91,255.23,252.43,252.74,1478046
2018-07-24,254.86,254.96,252.01,253.76,2473188
2018-07-25,254.81,255.27,252.765,254.86,3015970
2018-07-26,256.25,257.87,255.795,257,2021253
2018-07-27,257.79,257.79,255.39,255.95,1656765
2018-07-30,255.91,256.89,253.11,253.84,1649946
2018-07-31,254.14,255.2,252.85,253.22,2355885
2018-08-01,256.1,256.1,252.81,253.37,3006715
2018-08-02,253.5,256.3,252.23,256.08,1848803
2018-08-03,256.45,257.56,254.3,257.22,1422318
2018-08-06,256.5,257.54,255.465,256.76,1398135
2018-08-07,257.64,258.8449,257.13,257.65,1462757
2018-08-08,258.11,259.5,257.92,258.81,1494219
2018-08-09,259.91,263.02,259.31,261.59,2315025
2018-08-10,260.49,261.5,259.11,260.36,1624127
2018-08-13,261,262.55,260.2975,260.91,1635146
2018-08-14,260.89,264.295,260.85,263.48,1941605
2018-08-15,261.98,262.69,259.19,260.61,2015129
2018-08-16,261.57,263.75,261.45,263.1,2115862
2018-08-17,263.55,264.13,261.72,262.33,1923732
2018-08-20,263,263.49,261.57,262.4,1780866
2018-08-21,261.85,262.52,260.73,261.69,1558769
2018-08-22,261.95,261.95,260.25,260.74,2147691
2018-08-23,261.02,262.56,259.56,261.42,1603387
2018-08-24,261.75,264.78,261.75,264.28,2238647
2018-08-27,265,267.45,264.42,267.08,2613907
2018-08-28,268.54,269.14,267.33,268.51,2602740
2018-08-29,268.39,269.32,267.25,269,2880644
2018-08-30,269.46,270.17,268.11,268.39,2976341
2018-08-31,268.28,269.2056,267.2,268.46,2958192
2018-09-04,268,269.41,266.57,268.51,2097287
2018-09-05,268.56,268.795,266.93,267.64,2230582
2018-09-06,267.6,270.02,266.941,269.65,2556062
2018-09-07,269.64,271.16,267.51,268.28,2957997
2018-09-10,266.78,266.8,258.75,259.73,4145647
2018-09-11,257.92,261.418,257.4828,261.04,2283313
2018-09-12,261.12,264.49,260.85,262.67,2230327
2018-09-13,264.16,265.685,263.42,265.49,2718755
2018-09-14,265.4,266.65,263.28,265.31,2041446
2018-09-17,266.5,266.66,263.41,263.87,1929862
2018-09-18,262.93,264.0899,262.0048,263.29,3501084
2018-09-19,264.47,265.61,263.16,265.33,2257685
2018-09-20,266.08,267.94,266.06,266.39,2052195
2018-09-21,266.1,267.84,265.8501,266.67,5603372
2018-09-24,267.01,269.53,266.67,267.36,2625876
2018-09-25,267.3,267.33,263.03,263.51,3724067
2018-09-26,264.5,265.49,262.45,262.91,2195078
2018-09-27,263,265.41,262.93,264.65,2759329
2018-09-28,264.38,266.19,263.848,266.04,2648699
2018-10-01,267.25,270.02,267.02,269.1,3312852
2018-10-02,269,271.44,267.5,270.63,2730528
2018-10-03,272,272.07,269.77,270.9,3002184
2018-10-04,271,271.62,267.3118,268.32,2185769
2018-10-05,268.65,271,267.95,269.2,2045655
2018-10-08,268.84,269.655,265.6531,269.01,1863850
2018-10-09,269.19,271.955,268.47,270.11,2509849
2018-10-10,270.6,271.42,262.52,263.08,4266425
2018-10-11,262,264.4016,255.78,257.12,4526950
2018-10-12,259.7,261.39,256.86,259.61,3872325
2018-10-15,260.13,262.44,259.31,260.25,3569788
2018-10-16,269.69,272.81,265,272.57,6433732
2018-10-17,270.19,271,265.63,267.3,3853307
2018-10-18,267.35,267.88,263.71,266.81,3067991
2018-10-19,266.62,267.98,263.89,265.3,3257265
2018-10-22,266.75,266.83,260.06,262.19,2618115
2018-10-23,259.72,265.52,259.2,264.86,4081761
2018-10-24,264.01,265.33,255.93,256.32,5244324
2018-10-25,258.16,265.18,253.37,264.24,4616101
2018-10-26,261.5,262.4,257.02,258.18,4825475
2018-10-29,259.72,262.04,253.32,256.52,3676558
2018-10-30,256.69,259.69,253.98,258.28,4156281
2018-10-31,260.87,264.0686,260.22,261.35,4205635
2018-11-01,262.92,264.68,259.76,260.93,2764246
2018-11-02,264.61,266.3752,259.56,261.01,2578619
2018-11-05,262.15,263,260.07,261.01,3118060
2018-11-06,260.7,264.01,260.7,263.54,2547908
2018-11-07,266.9,276.75,266.9,274.63,5796031
2018-11-08,276,278,274.7,276.65,3798660
2018-11-09,276.86,278,274.19,276.55,2904260
2018-11-12,276,277.79,272,272.38,3136186
2018-11-13,272.58,273.6018,268.14,269.22,2516176
2018-11-14,269.29,270.52,263.35,264.96,3472759
2018-11-15,264,265.92,260.85,264.94,3656600
2018-11-16,264.99,271.8,264.92,271.11,3848026
2018-11-19,271.48,272.27,264.18,266.05,3667836
2018-11-20,265.62,266.78,260.4,261.5,3617425
2018-11-21,262.59,264.63,260.45,260.55,3234279
2018-11-23,260,262.94,258.28,261.62,1159250
2018-11-26,264.62,268.3,263.4981,266.16,3625146
2018-11-27,265.57,271.3,265.03,271.15,3497294
2018-11-28,272.82,282.4,272.82,280.95,5044331
2018-11-29,280.43,285.45,280.31,282.55,4127148
2018-11-30,282.99,283.64,279.066,281.36,6142356
2018-12-03,283,286.53,282.7143,286.33,4174203
2018-12-04,286.15,287.94,276.91,278.55,4633622
2018-12-06,273.02,276.94,265.25,276.85,6562555
2018-12-07,273.76,276.42,267.28,269.18,3506744
2018-12-10,268.59,269,260.23,266.53,4061329
2018-12-11,269.58,271.53,265.67,267.22,3093105
2018-12-12,271.95,274.56,270.49,270.64,3167548
2018-12-13,270.86,273.32,269.62,272.15,2350242
2018-12-14,270.36,270.57,263.71,265.02,3359705
2018-12-17,261.04,262.75,256.734,258.07,5766425
2018-12-18,259.7,259.99,248.2,252.97,5047998
2018-12-19,252.37,256.56,247.5929,250.31,5389667
2018-12-20,248.5,249.011,240.05,242.44,7239100
2018-12-21,240.73,247.5,237.45,238.34,12205590
2018-12-24,236.24,237.9,232.56,232.94,3090955
2018-12-26,232.7,243.37,231.81,243.35,4114690
2018-12-27,239.1,245.97,235.235,245.97,4233548
2018-12-28,246.71,249.79,244.81,246.24,3312615
2018-12-31,248.06,250.28,246.94,249.12,3123193
2019-01-02,245,246.35,241.47,243.49,4030927
2019-01-03,243.48,243.48,236.125,236.85,4622618
2019-01-04,239.8,243.46,238.8,239.62,5354951
2019-01-07,240.4,241.98,238.23,240.08,4080787
2019-01-08,242.33,244.79,239.71,243.29,3540710
2019-01-09,244.76,246.63,242.06,243.64,3425383
2019-01-10,242.08,245.14,241.41,244.87,3373490
2019-01-11,243.45,247.76,243.27,247.67,3861679
2019-01-14,246.59,249.92,246.11,248.06,4926144
2019-01-15,250,256.92,247,256.87,5231801
2019-01-16,258.73,262.19,258.17,261.46,6056752
2019-01-17,260.99,261.74,257.89,259.77,3568881
2019-01-18,262.6,266.26,260.42,265.5,4747167
2019-01-22,264.06,267.5,263.74,265.69,3943921
2019-01-23,267.75,269.47,263.67,267.02,2970914
2019-01-24,266.8,268.16,264.26,266.13,2927130
2019-01-25,268.8,270.41,265.7,268.05,2809048
2019-01-28,266.9,266.93,264.61,266.77,2837262
2019-01-29,266,268.45,265.44,267.34,2171844
2019-01-30,269.69,272.4351,267.19,270.37,3657842
2019-01-31,270.48,271.735,268.99,270.2,4050160
2019-02-01,268.47,269.3885,266.03,268.72,3943307
2019-02-04,268.31,268.69,264.27,268.21,3388219
2019-02-05,270.12,272.09,265.84,266.31,3596925
2019-02-06,265.14,269.93,264.98,269.5,2569956
2019-02-07,268.64,270.58,267.2572,269,2450439
2019-02-08,267.5,268.6999,260.32,261.9,4546989
2019-02-11,261.17,261.18,256.34,257.14,4856146
2019-02-12,259.22,264,256.92,263.5,4327790
2019-02-13,263.52,266.29,263.15,263.8,3065218
2019-02-14,263.24,267.07,262.71,265.33,3015286
2019-02-15,267.79,271.13,266.62,271.13,3666205
2019-02-19,271.17,272.49,269.28,270.41,2486122
2019-02-20,269.21,270.59,268.18,269.51,2802775
2019-02-21,269.47,269.94,265.1,266.4,2524158
2019-02-22,266.5,268.39,265.95,267.11,3191090
2019-02-25,267.58,268.17,264.38,264.6,3660439
2019-02-26,264.66,265.425,262.8,262.98,3211804
2019-02-27,261.61,261.61,248.9369,250.08,8949224
2019-02-28,249.7,251.95,239.15,242.22,11027640
2019-03-01,243.56,248,243.56,246.15,6917196
2019-03-04,248.12,248.45,234.51,236.02,8640709
2019-03-05,236.53,243.2024,234.9403,241.43,6924433
2019-03-06,241.74,241.74,237.03,239.07,4877944
2019-03-07,240.3,241.18,235.55,236.7,5032779
2019-03-08,235.15,239.41,234.635,237.29,4920825
2019-03-11,239.21,244.02,236.415,243.15,4539027
2019-03-12,244.95,247.48,243.74,245.88,4235716
2019-03-13,247.96,252.76,247.08,252.25,4759291
2019-03-14,253,255.0568,252.34,253.27,3865150
2019-03-15,254.34,254.74,249.94,251.4,6456554
2019-03-18,252.66,255.31,250.42,255,3907408
2019-03-19,255.95,259.2488,255.14,257.13,4104910
2019-03-20,257.43,257.69,249.97,250.5,4151124
2019-03-21,249.19,252.96,248.66,252.02,2696434
2019-03-22,250.57,251.195,246.99,247.09,3777934
2019-03-25,247.42,247.42,240.78,246.86,4103464
2019-03-26,247.26,247.89,241.72,243.39,4415322
2019-03-27,242.94,245.68,238.16,241.71,4819117
2019-03-28,242.59,242.85,238.885,242.23,3601483
2019-03-29,244.29,247.76,241.87,247.26,4292676
2019-04-01,249.71,250.2,243.0598,245.54,4707645
2019-04-02,245.51,246.4,242.8,244.41,4056983
2019-04-03,246.31,247.54,244.59,245.84,2851263
2019-04-04,245.48,249.11,244.64,247.39,2255470
2019-04-05,248.95,249.31,245.17,248.78,3341722
2019-04-08,249.68,249.68,246.31,248.75,2195364
2019-04-09,247.57,249.94,245.95,248.79,2903758
2019-04-10,248.78,249.87,245.52,246.03,2753559
2019-04-11,246.05,246.92,232.681,235.42,8199245
2019-04-12,236.5,236.78,220.77,223.22,13957700
2019-04-15,225.77,230.97,224.41,230.2,9923561
2019-04-16,238.01,238.01,215.82,220.96,27347410
2019-04-17,223.79,224.2368,208.07,216.84,22095010
2019-04-18,217.14,223,214.21,221.75,13917210
2019-04-22,224,227.56,221.5,227.11,11148730
2019-04-23,228.25,231.94,226.1,230.58,10256950
2019-04-24,230.09,231.63,227.75,230.35,6101805
2019-04-25,228.53,232.12,228.13,230.79,5953321
2019-04-26,232.14,237.11,231.19,237,6186046
2019-04-29,237.4,238.06,234.16,237.45,5342737
2019-04-30,238.08,238.08,230.19,233.07,7613731
2019-05-01,233.07,234.62,230.3501,231.95,4823160
2019-05-02,230.9,233.34,228.08,232.45,5499206
2019-05-03,232.84,233.9038,227.18,231.95,4323138
2019-05-06,228.17,240.57,227.5,240.5,7180213
2019-05-07,239.19,243.145,236.4,238.05,5104669
2019-05-08,238,240.81,235.53,239.15,3768388
2019-05-09,236.6,240.54,235.67,237.97,4299681
2019-05-10,239.97,242.62,236.37,240.59,4374392
2019-05-13,236.45,240.1,236.1974,239.55,4684437
2019-05-14,240.64,240.99,236.28,236.43,5329698
2019-05-15,235,237.53,232.62,236.08,5099948
2019-05-16,235.89,240.445,235.72,236.79,4456363
2019-05-17,236.17,242.44,235.645,241.38,4486406
2019-05-20,240,246.735,239.77,245.99,5390767
2019-05-21,247.01,251.18,246.8,249.94,5345383
2019-05-22,249.1,251.03,248.71,249.34,4038028
2019-05-23,247.98,248.1465,244.39,246.5,3934570
2019-05-24,247.25,249.36,245.51,247.63,2974038
2019-05-28,248.5,249.3,241.9,242.06,6172696
2019-05-29,239.85,243.03,237.9,242.4,3958382
2019-05-30,241.92,245.3529,241.34,243.5,2646971
2019-05-31,241.95,243.62,239.48,241.8,3285843
2019-06-03,241.49,243.8,236.02,236.56,4999517
2019-06-04,238.13,241.05,234.834,240.76,4992042
2019-06-05,243.17,245.79,241.23,242.77,3194422
2019-06-06,243.13,243.94,241.73,241.82,2630136
2019-06-07,242.9,247.07,242.19,246.77,2837457
2019-06-10,247.08,249.67,245.99,248.14,2330953
2019-06-11,248.52,250.69,245.73,245.87,3043114
2019-06-12,246.2,246.5,242.3,244.5,3251825
2019-06-13,244.82,245.34,243.12,244.96,3108249
2019-06-14,244.72,246.1,242.79,245.37,2165579
2019-06-17,246,247.1,245.22,245.97,2270430
2019-06-18,247.5,249.34,245.15,245.7,3482480
2019-06-19,246,251.37,245.51,250.19,4204589
2019-06-20,251.6,252.82,247.4,247.76,3800826
2019-06-21,248.78,253.4877,246.9,252.28,6323527
2019-06-24,251.33,252.625,247.8642,249.64,3163758
2019-06-25,249.3,251.04,247.42,247.66,3183010
2019-06-26,248,248.08,243.13,243.47,3852920
2019-06-27,244.26,248.15,243.16,246.34,3366173
2019-06-28,246.5,246.75,238.65,244.01,6727648
2019-07-01,245.95,246.17,240.72,242.64,4109079
2019-07-02,242.59,243.99,239.535,243.97,3864785
2019-07-03,244.32,247.52,244.04,245.21,2559448
2019-07-05,244.39,248.76,244.06,246.99,2965094
2019-07-08,246.41,247.98,244.88,247.84,1902630
2019-07-09,244.63,246.08,243.69,246,2775012
2019-07-10,246.82,249.11,245.48,247.48,2753028
2019-07-11,255.8,261.69,249.05,261.16,10268790
2019-07-12,261.63,266.52,261.63,265.9,5336201
2019-07-15,265.06,267.65,264.25,265.96,2611403
2019-07-16,265.33,267.14,263.19,264.66,3121564
2019-07-17,264,268.69,263.5,266.65,3995150
2019-07-18,265.64,266.51,257.26,260.6,5827020
2019-07-19,261.1,262.72,256.4,256.65,4413227
2019-07-22,258.14,258.95,254.53,255.32,4104305
2019-07-23,254.47,256.1,252.015,255.01,2889283
2019-07-24,252.79,252.83,245.13,251.13,4864203
2019-07-25,251.13,252.75,248.29,248.7,3362958
2019-07-26,249.02,253.88,246.51,252.94,3362651
2019-07-29,252.84,255.3,252.34,253.82,2005512
2019-07-30,252.66,255.06,250.47,254.93,1908834
2019-07-31,256.32,257.16,248.48,249.01,3532351
2019-08-01,249.19,251.58,247.28,249.25,3613635
2019-08-02,249.69,251.57,246.1,250.05,2677632
2019-08-05,248.13,249.94,242.59,245.06,5812447
2019-08-06,245.93,248.28,243.57,248.28,3532969
2019-08-07,246.27,247.04,241.26,246.45,3205805
2019-08-08,246.19,247.67,243.37,247.62,2830705
2019-08-09,247.72,250.42,246.14,248.63,2535030
2019-08-12,246.79,247.96,243.03,243.2,2667407
2019-08-13,241.68,250.46,241.51,249.22,2774735
2019-08-14,246.73,248.41,243.01,243.2,3464315
2019-08-15,244.35,245.26,241.45,244.25,2513465
2019-08-16,245.38,247.105,244.18,245.69,2810022
2019-08-19,247.49,248.49,244.09,244.71,2672254
2019-08-20,244.21,244.6,239.92,240.16,3201507
2019-08-21,240.19,241.89,239.3,240.35,2761928
2019-08-22,240.35,240.35,232.67,232.94,4498791
2019-08-23,232.9,235.1,229.38,230.66,4827798
2019-08-26,232.52,234.56,230.46,231.08,2918839
2019-08-27,231.72,232.4,222.6,222.93,4988764
2019-08-28,222.42,229.77,220.78,227.35,4853814
2019-08-29,228.42,232.3,228.01,230.62,4052586
2019-08-30,233.67,235.05,232.29,234,3384152
2019-09-03,231.74,232.17,228.47,230.62,3382683
2019-09-04,231.95,232.9499,226.5,226.73,4541228
2019-09-05,230,231.51,227.58,229.59,4257137
2019-09-06,230.17,231.96,228.59,229,4183289
2019-09-09,229,231.9995,228.56,230.68,3895602
2019-09-10,231.45,234.29,230.83,232.46,4257813
2019-09-11,232.49,234.25,228.58,234.21,3168130
2019-09-12,235,236.4,229.7,230.1,4713659
2019-09-13,232.99,236.56,231.54,233.61,4523190
2019-09-16,232.82,236.05,232.15,234.43,2973588
2019-09-17,233.07,233.99,231.17,232.52,2408431
2019-09-18,230.8,233.1347,229.23,230.61,2977490
2019-09-19,232,233.95,231.23,232.85,2725873
2019-09-20,234.77,235,231.92,232.89,6254516
2019-09-23,229.77,230.78,228.32,228.77,3483932
2019-09-24,229.38,229.84,222.92,225,5047466
2019-09-25,224.28,226.5,222.13,222.17,4681080
2019-09-26,223.04,223.63,213.43,215.48,10461070
2019-09-27,218.18,218.88,215.02,215.26,4835579
2019-09-30,213.64,218.53,213.12,217.32,5330064
2019-10-01,219.19,219.19,212.08,217.21,5529744
2019-10-02,216.15,219.36,215.28,216.75,4925451
2019-10-03,215.63,216.36,213.05,215.36,3882264
2019-10-04,216.84,219.86,215.138,219.8,3711176
2019-10-07,219.05,222.53,218.99,221.24,3876619
2019-10-08,219.49,221.98,218.3961,220.11,4878124
2019-10-09,221.71,223.47,220.17,222.08,4503429
2019-10-10,218.19,224.13,217.52,223.73,5302516
2019-10-11,225.54,228.85,221.59,222.07,5919158
2019-10-14,221.63,223.34,219.9033,220.59,4293196
2019-10-15,232.69,239.84,231.09,238.59,13469620
2019-10-16,236.29,237.48,234.08,236.99,5404216
2019-10-17,238.69,244.61,237.27,243.67,6627654
2019-10-18,244.45,246.41,241.76,245.34,4923389
2019-10-21,245.02,245.6,242.15,243.92,3179082
2019-10-22,243.64,251.5,243.15,249.48,5797684
2019-10-23,248.39,251.75,246.73,247.8,3910707
2019-10-24,248.03,248.49,243.91,244.51,2569585
2019-10-25,243.91,246.08,242.15,244.91,2815054
2019-10-28,245.26,248.39,244.92,247.05,2957146
2019-10-29,247.04,253.2,246.31,252.29,3528905
2019-10-30,252.17,255.275,251.98,254.8,3299612
2019-10-31,254.38,255.72,249.91,252.7,3960351
2019-11-01,253.99,256.33,252.16,252.21,2919581
2019-11-04,253.63,253.83,249.91,251.25,3186427
2019-11-05,253.74,254.2718,250.09,250.3,5393367
2019-11-06,249.71,251.99,249.09,250.52,3668573
2019-11-07,251.95,256.75,251.26,256.46,3646276
2019-11-08,256.77,258.34,255,256.97,2200283
2019-11-11,255.05,256.46,253.33,254.09,1765676
2019-11-12,253.59,255.76,253.41,255.25,1892495
2019-11-13,254.87,256.88,253.19,253.57,3423750
2019-11-14,253.8,256.08,253.47,255.83,2102004
2019-11-15,256.11,275.57,255.36,269.4,10138250
2019-11-18,269,278.45,269,272.93,6985244
2019-11-19,275.24,275.36,271.55,274.23,4002075
2019-11-20,272.25,276.03,271.24,275.56,4141671
2019-11-21,275.22,277.679,273.91,276.55,3309861
2019-11-22,276.53,277.77,275,276.84,2802721
2019-11-25,277.78,283,277.01,282.67,4083804
2019-11-26,280.71,282.25,280.16,281.4,2998607
2019-11-27,281.01,281.93,278.69,280.67,2324495
2019-11-29,278.1,280.92,277.33,279.87,1520936
2019-12-02,281.78,282,278.5671,279.66,2517775
2019-12-03,276.97,278.42,273.85,276.9,3257109
2019-12-04,281.62,281.84,278.6401,279.32,2694184
2019-12-05,279.24,282.82,277.44,282,3357517
2019-12-06,282.84,283.04,279.1139,280.19,2829012
2019-12-09,280.77,280.87,277.42,277.54,2699241
2019-12-10,277.6,279.6,274.01,279.52,2515260
2019-12-11,278.3,280.66,278.03,280.5,2751415
2019-12-12,281.03,283.99,280.04,283.61,2996213
2019-12-13,284.97,287.81,284.12,285.48,3599255
2019-12-16,287.97,295.4393,287.06,292.03,4664253
2019-12-17,291.24,292.7775,289.17,290.47,4409966
2019-12-18,291,294.86,290.99,292.9,3621797
2019-12-19,295,297.2,293.62,294.62,3088889
2019-12-20,298.9,300,292.51,292.59,6608293
2019-12-23,293.43,295.845,292.81,295.09,2098950
2019-12-24,295.26,295.83,293.56,294.54,714032
2019-12-26,295.3,296.26,294.54,295.65,1050688
2019-12-27,296.01,296.54,295.0142,295.97,1547211
2019-12-30,296.05,296.54,293.45,293.85,1512088
2019-12-31,293.66,294.09,291.15,293.98,2224237
2020-01-02,293.98,295.7,289.79,292.5,2544306
2020-01-03,287.27,291.875,284.36,289.54,2712006
2020-01-06,288,291.66,287.22,291.55,3079134
2020-01-07,290.7,291.49,287.58,289.79,2497613
2020-01-08,291.5,297.38,290.04,295.9,3379840
2020-01-09,294.29,297.2,293.7168,294.22,2838587
2020-01-10,296.07,296.07,292.21,295.13,2477989
2020-01-13,294.37,294.45,285.015,285.85,6996743
2020-01-14,285.6,288.24,284.25,288.24,6067709
2020-01-15,289.02,299.64,289,296.41,6081615
2020-01-16,298,300.99,295.93,300.74,3710344
2020-01-17,300.01,300.7,295.88,298.47,4632160
2020-01-21,296.89,302.54,296.01,300.53,4963132
2020-01-22,301.99,302.13,297.3501,300.59,3117568
2020-01-23,300.01,300.58,296.65,299.46,3169618
2020-01-24,298.34,299.93,291.56,292.81,3678518
2020-01-27,288,288.08,280.07,284.09,4399767
2020-01-28,283.91,288.37,283.3,285.87,4341182
2020-01-29,284,286.19,280.891,282.9,3963946
2020-01-30,281.84,281.84,275.92,280.98,4211762
2020-01-31,278.17,278.78,271.18,272.45,5532985
2020-02-03,275.13,276.85,270.82,274.02,5646967
2020-02-04,277.28,283.5,276.88,280.84,4290256
2020-02-05,285.6,297,285.44,295.73,5760999
2020-02-06,297,297.27,290,292.46,3044084
2020-02-07,292.87,293.39,288.91,289.22,3426082
2020-02-10,286.23,289.29,285.45,287.03,3147356
2020-02-11,286.85,291.57,285.9,290.79,2992180
2020-02-12,295,305,294.01,303.48,6702084
2020-02-13,300.14,305.9,300.14,302.2,3565494
2020-02-14,302.21,303.97,297.3066,298.78,2485610
2020-02-18,299.67,303.35,299,302.14,3242145
2020-02-19,303.37,306.715,302.7256,305.31,3021266
2020-02-20,303.2,304.16,297.89,302.13,2885466
2020-02-21,300.47,302.51,298.61,301.43,2990311
2020-02-24,286.89,288.99,277.64,277.79,8790596
2020-02-25,280.15,281.98,262.01,263.39,8171242
2020-02-26,264.72,269.83,258.7102,263,6807579
2020-02-27,258.42,262.1542,252.07,253.92,7604285
2020-02-28,246.2,257.1,245.3,254.96,9963972
2020-03-02,257.34,273.24,250.32,273.11,8866267
2020-03-03,275.35,280.3536,259.23,261.4,9188087
2020-03-04,290,295.84,282.21,289.42,14532980
2020-03-05,281.6,289.42,279.94,282.96,5908381
2020-03-06,275.42,284.97,271.9,283.87,5361864
2020-03-09,264.465,281.44,259.24,273.44,8070720
2020-03-10,279.72,283.9,272.5,280,7366040
2020-03-11,274.76,285.24,273.26,277.78,7747394
2020-03-12,260,272.23,250,250.41,10496630
2020-03-13,260.99,273.22,242.27,272.04,9308415
2020-03-16,243.92,245.68,223.95,225.04,10303460
2020-03-17,230.82,248.76,228.2901,244.22,9642169
2020-03-18,225.75,231.45,200.19,217.06,12917490
2020-03-19,216.98,226.12,208.9425,219.8,8065170
2020-03-20,223.18,232.64,203.46,206.59,9364072
2020-03-23,202.04,205.75,187.72,194.86,10654480
2020-03-24,202.14,220.27,199,219.8,8894374
2020-03-25,219.09,247.51,216,234.49,10013990
2020-03-26,234.03,257.96,232.3,255.39,7518081
2020-03-27,242.94,251.6,238.24,242.45,4879622
2020-03-30,242.64,254.09,242.64,251.28,5328965
2020-03-31,243.48,254.5297,243,249.38,5455654
2020-04-01,238.69,246.605,235.44,237.32,4548766
2020-04-02,235.3,242,226.03,240.44,4636962
2020-04-03,238.32,239.337,227.27,229.49,4650291
2020-04-06,240,249.29,235.12,248.34,6365865
2020-04-07,259.81,266.71,246.54,248.04,4984097
2020-04-08,247.69,269.16,246.26,267.83,6390216
2020-04-09,265,270.4,261.6,264.13,4925544
2020-04-13,262.06,264.96,258.18,263.51,2965303
2020-04-14,269,273.07,267.0001,270.5,4778901
2020-04-15,276.33,282.99,270.68,281.68,7841764
2020-04-16,283.44,300,280.01,298.43,7738895
2020-04-17,300.99,304,287.1,290.56,5857541
2020-04-20,285.3,289.0086,281.27,282.14,4072635
2020-04-21,274.95,280,273.25,274.19,3977514
2020-04-22,279.58,283.82,276.71,277.02,3663658
2020-04-23,279.06,288.46,278.54,285.33,4420546
2020-04-24,287.29,291.9,284,291.29,3265412
2020-04-27,293.21,296.86,290.63,293.98,3706179
2020-04-28,298,298.25,285.62,288.36,3862897
2020-04-29,292,292.75,286.1,287.65,4258433
2020-04-30,286.65,295,285.52,292.47,7631715
2020-05-01,288.39,289,279.6,284.51,3526428
2020-05-04,284.49,287.94,282.11,287.54,2894193
2020-05-05,289.96,296,287.29,293.04,2501346
2020-05-06,295.1,297.68,288.44,288.77,2579182
2020-05-07,291.06,292.29,284.516,285,3162502
2020-05-08,289.49,290,285.66,287,3200304
2020-05-11,285.56,290.1032,285.255,288.69,3490863
2020-05-12,291.77,293.15,287.7,287.7,4214309
2020-05-13,284.49,286.4,275.56,278,5474075
2020-05-14,275.93,292.449,275.64,290.61,5705048
2020-05-15,292.41,300,290.72,290.96,12182810
2020-05-18,298.48,299.72,292.02,293.36,4017333
2020-05-19,290.74,294.63,288.88,289.05,3059370
2020-05-20,292.9,292.9,286.7,287.99,3200617
2020-05-21,286.04,290.13,284.9301,286.91,3604897
2020-05-22,287.3,290.24,284.7938,289.94,2922841
2020-05-26,296.5,297.03,292.5,294.89,4568023
2020-05-27,297.42,303.8,290.8,303.77,5618902
2020-05-28,305.95,309.66,303.29,303.97,4388845
2020-05-29,304.72,308.37,300.85,304.85,6253038
2020-06-01,304.02,305.98,300.563,305.93,2894409
2020-06-02,305.58,308.1,301.73,306.31,2757002
2020-06-03,307.85,310.12,302.74,305.35,4360327
2020-06-04,303.18,304.47,294.2944,298.08,4374349
2020-06-05,304,314.2825,300.5,311.85,5554303
2020-06-08,308.64,315.84,307.93,309.48,4635498
2020-06-09,309.9,312.655,307.33,309.21,3061770
2020-06-10,308.94,310.31,302.86,305.75,3296079
2020-06-11,303.36,303.36,280.8,283.73,6638905
2020-06-12,290.65,294.1,278.7,285.15,5416812
2020-06-15,278.02,287,273.71,286.28,4496631
2020-06-16,295.44,297.565,287.44,293,4248308
2020-06-17,295.1,295.1,291.23,292.6,2538430
2020-06-18,290.43,291.78,286.6,291.48,2926573
2020-06-19,294.43,296.52,290.91,291.24,5168477
2020-06-22,289.79,293,286.26,292.67,2174051
2020-06-23,294.01,299.28,291.07,297.6,4023457
2020-06-24,293.99,297.1,285.57,289.18,3399868
2020-06-25,288.28,296.78,286.06,296.22,3112537
2020-06-26,295.14,296.58,285.82,286.88,5043234
2020-06-29,288.45,292.28,286.615,289.76,2356713
2020-06-30,288.57,296.45,287.66,294.95,2932930
2020-07-01,295.83,300.4,295.24,297.73,2304052
2020-07-02,300.5,303.08,297.1783,298.26,1971954
2020-07-06,303,303.49,299.325,302.81,2395034
2020-07-07,300.66,303.56,295.95,296.65,2075730
2020-07-08,297.35,300.865,295.68,298.36,1987357
2020-07-09,295.1,298.55,287.5,291.16,3061657
2020-07-10,294.24,294.24,287.1006,291.23,2391717
2020-07-13,292.09,304.52,291.77,299.71,4263348
2020-07-14,297.81,309.74,296.71,308.52,4234881
2020-07-15,301.12,310.69,298.66,304.07,5116869
2020-07-16,305.01,310.85,303.16,307.15,3844474
2020-07-17,309.09,310.97,306.25,306.53,3016846
2020-07-20,306.79,308.6,302.3801,303.46,2375525
2020-07-21,305.03,307,303.11,305.11,2341560
2020-07-22,304.86,306.909,301.805,306.71,1935771
2020-07-23,308.2,308.5,301.27,302.97,2367675
2020-07-24,303.33,304.28,299.23,300.79,2415759
2020-07-27,298.43,302.13,297.37,298.6,2060506
2020-07-28,297.89,301.4,297.205,299.93,2257492
2020-07-29,301.46,309.75,300,306.68,2672724
2020-07-30,301.68,306.46,298.89,305.23,2205343
2020-07-31,303.44,303.74,298.05,302.78,3913650
2020-08-03,303.59,304.91,299.2,303.61,2628889
2020-08-04,301.91,308.86,300.07,304.5,3595182
2020-08-05,306.83,312.96,305.02,312.47,3014732
2020-08-06,312,316.24,310.4,314.06,3305601
2020-08-07,313.34,319,313.34,317.03,2600751
2020-08-10,317,320.47,315.582,319.1,2563849
2020-08-11,322.92,324.57,314.66,315.55,3018248
2020-08-12,318,323.29,317.64,322.27,2916495
2020-08-13,320.68,321.87,317.84,321.52,2159587
2020-08-14,320.54,323.93,318.725,323.7,1787375
2020-08-17,321.45,323.8,319.35,320.51,2772468
2020-08-18,321.98,322.67,315.71,316.81,2520285
2020-08-19,316.77,319.49,315.18,315.4,2066691
2020-08-20,314.83,315.28,312.01,313.33,2245791
2020-08-21,311.28,315.2809,310.09,314.14,2488477
2020-08-24,316.81,316.9,306.49,308.84,2922446
2020-08-25,312.2,312.36,307.8,312.22,1879520
2020-08-26,310.98,311.36,303.61,308.82,3178972
2020-08-27,310.41,314.775,305.49,311.67,2321100
2020-08-28,312.34,315.82,308.97,314.37,2883586
2020-08-31,314.89,319.56,312.54,312.55,4341556
2020-09-01,310.16,314.72,310,312.83,2487188
2020-09-02,312.56,321.28,312.56,320.24,2846460
2020-09-03,322,323.82,313.73,316.23,3872533
2020-09-04,316.48,317.8272,306.63,312,2901147
2020-09-08,311.03,311.46,303.83,307.25,2594530
2020-09-09,309.68,315.315,308.4167,312.02,2195680
2020-09-10,312.73,314.44,303.72,304.6,2421619
2020-09-11,305.07,306.46,297.29,301.48,3086088
2020-09-14,303.01,311.12,303.01,308.57,1795515
2020-09-15,310.05,311.46,306.05,307.23,1468486
2020-09-16,309.07,312.2499,306.2,306.52,3438228
2020-09-17,304.5,307.38,302.11,304.98,2394205
2020-09-18,305.01,310.39,303.77,308.02,3795806
2020-09-21,300.47,300.53,291.66,299.19,4124741
2020-09-22,298.44,300.62,292.92,294.26,3163604
2020-09-23,295,296.1,291.825,292.14,3710122
2020-09-24,292.19,294.93,289.64,292.66,2869110
2020-09-25,291.25,303.27,291.22,302.5,2455819
2020-09-28,306.39,310.01,302.83,303.23,2575710
2020-09-29,303.67,305.5,300.68,304.15,1797818
2020-09-30,304.02,314.52,303.99,311.77,3497316
2020-10-01,312.91,315.17,309.15,313.07,2731236
2020-10-02,312.1,317.39,308.36,311.98,2338048
2020-10-05,315.07,318.42,313.12,318.15,1638618
2020-10-06,318.95,320.3,313.49,314.45,2434408
2020-10-07,315.82,324.74,315.82,323.17,2596552
2020-10-08,323.43,325.35,320.99,322.41,2056700
2020-10-09,324.66,328.17,323.92,327.84,2028946
2020-10-12,329.12,333.5619,329.01,329.97,2424163
2020-10-13,328.5,333.7,327.71,331.42,2713530
2020-10-14,322.07,330.57,320.2,321.85,4455722
2020-10-15,318.85,326.97,316.33,324.57,3172686
2020-10-16,325.46,332.35,324.73,329.9,3293344
2020-10-19,328.54,330.78,322.06,324.22,2482339
2020-10-20,326.62,328.62,323.28,323.41,1988669
2020-10-21,323.41,326.49,322.18,322.79,2139034
2020-10-22,322.32,328.06,322.25,325.73,2100739
2020-10-23,329.16,335.65,328.13,330.6,2349525
2020-10-26,326.32,327.75,318.535,323.06,2408460
2020-10-27,323.06,323.495,319.43,320.51,2427684
2020-10-28,313.33,317.81,307.44,308,3301655
2020-10-29,306.59,309.475,301.46,303.68,3279189
2020-10-30,303.23,307.17,299.6,305.14,3557355
2020-11-02,312.64,312.64,307.36,312.1,4519209
2020-11-03,317.47,326.44,315.015,321.35,4043876
2020-11-04,345.23,360.44,341.141,354.56,10344920
2020-11-05,358.07,360.98,349.68,354.4,4786472
2020-11-06,350.36,352,344.57,347.46,2994932
2020-11-09,366.31,367.95,348.98,350,4635344
2020-11-10,349.49,355.9,348.17,353.69,3733236
2020-11-11,356.16,356.81,349.405,351.7,2048494
2020-11-12,351.4,360.52,349.75,354.41,2908228
2020-11-13,356.86,357.94,352.79,355.67,2442331
2020-11-16,358.95,359.58,351.01,356.82,2790381
2020-11-17,352.39,353.36,347.5,352.1,2557624
2020-11-18,353.43,354.05,343.09,344.51,2722477
2020-11-19,342.29,343.07,334.33,337,3935570
2020-11-20,335,337.6599,331.71,334.7,3702637
2020-11-23,335.55,336.259,331.59,335.06,2538118
2020-11-24,336.18,340,334.425,336.01,3759980
2020-11-25,338.82,338.82,329.14,333.19,3145335
2020-11-27,333.53,338.9,331.835,337.94,1558621
2020-11-30,335.11,337.94,330.29,336.34,5265707
2020-12-01,344.77,354.1,339.93,341.19,3817785
2020-12-02,341.77,351.83,341.5,347.56,2864281
2020-12-03,347.9,352.77,346.49,348.68,4169186
2020-12-04,346,351.47,345.75,349.89,3255426
2020-12-07,348.72,349.89,345.2206,347.86,2999382
2020-12-08,344.75,349.9,344.08,347.86,2471262
2020-12-09,348.89,349.41,341.61,344.41,2600442
2020-12-10,345.16,345.46,339.2601,339.65,2896940
2020-12-11,338.13,338.88,334.33,337.07,3071737
2020-12-14,340.03,343.23,335.86,336.13,2478953
2020-12-15,339.14,341.01,337.04,339.67,2616862
2020-12-16,336.83,341.66,334.26,339.34,2365672
2020-12-17,339.81,342.6,337.305,341.67,2525662
2020-12-18,342.52,342.61,334,338.38,8743007
2020-12-21,332.07,336.95,329.4,336.08,2893022
2020-12-22,335.16,336.98,333.47,335.01,2069883
2020-12-23,336.49,341.6499,336.03,337.59,2348234
2020-12-24,336.44,341.41,336.44,340.79,1360598
2020-12-28,343.21,347.79,343.06,345.95,2308222
2020-12-29,347.99,351.29,345,347.35,2275855
2020-12-30,347.08,349.01,344.47,344.99,1866024
2020-12-31,345.04,351.09,344.05,350.68,1969227
2021-01-04,351.45,352.075,340.38,349.5,4203821
2021-01-05,348.69,351.36,344.48,344.8,3160458
2021-01-06,337.11,359.49,335.11,359.27,6561435
2021-01-07,358.54,366.45,357.92,365.03,3366710
2021-01-08,367,367.49,358.76,363.39,2948002
2021-01-11,362.62,364.29,359.19,360.75,2695180
2021-01-12,357.94,360.08,355.23,357.37,2372762
2021-01-13,356.04,356.81,351.23,355.04,1974477
2021-01-14,356.85,358.81,350.42,350.53,2919879
2021-01-15,349.12,353.05,345.74,351.3,3776994
2021-01-19,356.21,356.96,351.56,352.19,3361269
2021-01-20,351.88,352.08,345.83,350.84,3036808
2021-01-21,350.81,360.89,350.74,355,3750194
2021-01-22,353.31,354.62,347.54,347.55,2585351
2021-01-25,347.15,350.39,344.6046,347.81,2506366
2021-01-26,350.51,351.51,342.57,343.11,2467549
2021-01-27,337.04,338,329.01,332.99,4770898
2021-01-28,336.64,346.58,334.51,338.15,2770191
2021-01-29,336.53,339.02,330.63,333.58,3899501
2021-02-01,335.03,338.15,332.7408,334,3020168
2021-02-02,337.1,344.6385,337.1,338.72,2663668
2021-02-03,338,340.16,334.6,337.89,2537417
2021-02-04,332.32,335.29,328.39,329.32,5962249
2021-02-05,332.11,333.48,323.4825,324.51,7227908
2021-02-08,327.01,327.015,323.805,324.34,4758181
2021-02-09,323.9,331.0449,321.71,329.63,4096905
2021-02-10,332.66,335.76,329.77,333.4,4122733
2021-02-11,335,336.645,331.5,333.07,2776664
2021-02-12,331.68,332.4,327.88,328.24,2760970
2021-02-16,327.36,329.84,322.48,324.62,4339162
2021-02-17,323.46,328.6,322.24,326.86,2637714
2021-02-18,325.9,329.58,325.2,328.41,2385100
2021-02-19,328.75,328.85,324.11,324.58,2313753
2021-02-22,321.5,329.05,320.35,327.64,2688464
2021-02-23,329.99,333.94,326.64,329.51,3225724
2021-02-24,328.49,333.6,326.04,332.21,3360533
2021-02-25,331,333.6,327.355,328.87,2780100
2021-02-26,330.55,337.91,329.85,332.22,5430019
2021-03-01,334.36,338.905,333.68,334.65,4199115
2021-03-02,335,337.67,333.89,334.64,2568915
2021-03-03,333.32,338.16,332.78,332.87,3039667
2021-03-04,334.17,340.84,332.67,333.81,4991609
2021-03-05,335.03,348.29,335.02,347.1,4563095
2021-03-08,347.01,354,345.6,350.17,3419860
2021-03-09,352.92,361.25,351.34,351.98,4277593
2021-03-10,353.91,354.48,348.5,349.6,3012275
2021-03-11,350.76,355.97,349.87,353.1,2520563
2021-03-12,353.17,356.82,351.99,356.02,2088664
2021-03-15,356.92,357.94,351.5501,353.88,2343695
2021-03-16,353.53,355.36,351.91,354.6,2904194
2021-03-17,355.17,358.07,351.83,352.18,2633061
2021-03-18,352.87,364.32,352.34,362.05,3311649
2021-03-19,361.92,370.4599,359.01,365.58,8572926
2021-03-22,365,368.58,360.11,366.86,3505213
2021-03-23,368.85,371.54,367.22,368.5,3100090
2021-03-24,366.05,373.8,365.51,370.6,3407781
2021-03-25,370.6,372.11,363.39,371.09,3021494
2021-03-26,371.675,377.06,370.285,376.48,2959773
2021-03-29,376.36,380.5,374.99,379.06,2740463
2021-03-30,377.55,379.88,371.8,373.56,3066057
2021-03-31,372.8,377,371.8,372.07,3356472
2021-04-01,372.2,372.69,365.755,367.07,2977791
2021-04-05,369.62,372.63,367.64,370.18,2709486
2021-04-06,368.78,369.79,362.72,364.37,2698564
2021-04-07,364.19,365.88,360.55,365.64,2159172
2021-04-08,363.11,366.91,363.11,364.89,2426651
2021-04-09,368.35,376.61,367,376.3,2483494
2021-04-12,374.48,379.83,374.03,376.28,3057307
2021-04-13,376.25,379.31,374.33,374.5,2652332
2021-04-14,375.34,378.01,374.58,375.63,2805633
2021-04-15,380,392.3602,380,390.01,4488251
2021-04-16,393.92,393.92,385.455,391.01,4532625
2021-04-19,390,393.39,388.47,389.84,2965522
2021-04-20,389.86,397.88,389.4175,396.53,3348284
2021-04-21,398.86,401.477,395.44,398.81,2473336
2021-04-22,398.44,398.76,393.19,396.54,2718851
2021-04-23,395.62,401.99,394.5,400.31,2263403
2021-04-26,399.81,400,395.21,395.86,1642260
2021-04-27,394.66,396.33,392.3,394.5,1758509
2021-04-28,395.18,396.99,393.3,394.59,1886514
2021-04-29,396.75,402.16,396.3,401.55,1996547
2021-04-30,401,401.86,398.35,398.8,2328135
2021-05-03,401,406.77,400.53,405.9,2568596
2021-05-04,405.48,412.47,403.5,411.34,3237206
2021-05-05,410.5,412.75,406.8,412.5,2047018
2021-05-06,413,416.85,412.56,414.97,3058890
2021-05-07,415,419.02,414.065,417.65,1851063
2021-05-10,419.27,425.98,418.215,420.89,2489255
2021-05-11,421,422.29,410.61,411.7,3024021
2021-05-12,409.29,410.85,404.6801,405.37,2888410
2021-05-13,406.28,413.18,404.315,408.56,2638499
2021-05-14,410.99,412.59,408.5,409.8,2072948
2021-05-17,409.31,412.51,408.57,408.63,1583903
2021-05-18,409.69,412.96,406.27,410.38,2694776
2021-05-19,409.49,410.72,404.25,409.5,2783146
2021-05-20,409.53,413.83,408.32,408.64,2105974
2021-05-21,410.76,418.63,409.46,411.63,4295746
2021-05-24,412.37,413.9,409.92,410.95,1883815
2021-05-25,411.85,413.86,408.8942,413.05,2285601
2021-05-26,412.1,415.3,411.01,413.21,1903928
2021-05-27,414.92,415.105,410.38,412.7,2041955
2021-05-28,412.7,415.47,410.02,411.92,2368025
2021-06-01,413.73,413.73,406.155,406.72,2199581
2021-06-02,409.14,409.14,404.55,405.85,2232967
2021-06-03,403.5,409.755,402.84,407.96,2281157
2021-06-04,410.96,411,404.65,405.64,2991121
2021-06-07,406.96,407.21,398.69,400.25,3353805
2021-06-08,400.72,402.75,398.745,401.74,3051309
2021-06-09,403.33,405.78,400.525,401.1,1925796
2021-06-10,401.91,402.85,398.47,401.49,4033653
2021-06-11,403.35,403.36,394.78,397.89,3094507
2021-06-14,397.3,399.47,395.13,399.16,2675015
2021-06-15,399.96,401.5,396.47,400.28,2845842
2021-06-16,401.1,403.1495,396.67,397.25,3330906
2021-06-17,396,398.07,394.61,397.35,3532149
2021-06-18,387.28,392.66,387.25,389.37,5521433
2021-06-21,389.37,399.199,389.22,398.07,3839370
2021-06-22,400.61,400.65,397.82,398.69,3964629
2021-06-23,397.82,399,395.265,395.56,2942116
2021-06-24,398.32,402.1602,396.84,398.87,3309150
2021-06-25,400.1,409.98,399.02,404.95,16928880
2021-06-28,404.95,404.99,397.931,401.46,3193451
2021-06-29,401.97,403.2,397.48,398.1,2458834
2021-06-30,397.54,401.4,396.8,400.44,2875702
2021-07-01,402.03,405.205,401.81,404.89,2678291
2021-07-02,405.09,409.87,403.88,409.36,1982443
2021-07-06,408.67,411.16,405.71,410.26,2615260
2021-07-07,410.35,412.18,407.2,411.66,2270451
2021-07-08,408.61,410.83,405.075,409.95,2032596
2021-07-09,412.53,413.25,410.635,412.11,2078874
2021-07-12,411.02,416.4,410.31,416.04,2802629
2021-07-13,416.38,419.69,415.71,418.54,2948990
2021-07-14,420.77,422.53,413.35,414.74,3538730
2021-07-15,411.91,421.73,407.2,420.05,3546506
2021-07-16,421.36,422.29,417.6414,419.7,2625375
2021-07-19,417.24,419.53,406.81,409.06,3611295
2021-07-20,411,417.73,410.61,412.97,3186929
2021-07-21,417.06,417.23,410.83,414.64,1863958
2021-07-22,416.02,416.825,413.73,415.77,1421946
2021-07-23,417.9,419.34,415.99,417.7,1611877
2021-07-26,416.83,417.67,410.9,413.54,2232878
2021-07-27,412,415.26,409.46,415.1,2630593
2021-07-28,414.49,414.49,406.8,409.17,2446949
2021-07-29,411.28,412.58,408.42,412.08,1597578
2021-07-30,410.76,413.77,410.2503,412.22,1864207
2021-08-02,413.57,416.44,412.81,415.57,1806710
2021-08-03,415.82,422.14,415.08,421.9,2496628
2021-08-04,422.05,423.66,419.71,421.54,1995410
2021-08-05,422.06,422.25,407.89,411.19,3598649
2021-08-06,412.01,416.77,412.01,415.12,1944057
2021-08-09,414.95,416.23,410.35,410.87,1509781
2021-08-10,410.51,413.65,408.57,411.78,1441848
2021-08-11,413.03,413.93,407.51,407.74,1542591
2021-08-12,407,408.73,404.3,405.96,1940158
2021-08-13,407.08,410.05,405.92,409.67,1537838
2021-08-16,409.84,417.42,407.33,417.21,2377942
2021-08-17,417.1,422.5,416.63,421.78,2257975
2021-08-18,421.35,421.59,417.09,417.32,3037085
2021-08-19,415.38,428.3524,412.4,427.89,3204670
2021-08-20,428.35,431.355,426.91,429.71,2401874
2021-08-23,430.56,430.56,424.9,425.36,2375913
2021-08-24,425.52,425.94,421.72,423.41,1619511
2021-08-25,421.85,423.615,419.45,419.74,1939263
2021-08-26,419.77,421.39,416.63,416.85,1385426
2021-08-27,418.01,420.35,416.115,418.76,1621625
2021-08-30,418.76,420.57,417.89,418.3,1284534
2021-08-31,417,420.7387,414.215,416.27,4249141
2021-09-01,416.54,419.87,411.24,417.35,2034426
2021-09-02,419.16,424.4,418.24,423.71,3137553
2021-09-03,421.93,424,420.61,422.86,1604878
2021-09-07,420.3,422.26,417.58,421.24,1920360
2021-09-08,421.19,422.87,414.2,415.39,2262485
2021-09-09,415.34,420.22,413.93,414.55,3508654
2021-09-10,415.56,416,402.59,403.91,4215812
2021-09-13,407.98,416.81,406.45,414.52,3068508
2021-09-14,417.59,417.59,411.365,412.54,2879816
2021-09-15,412.52,421.42,409.5,417.52,3180913
2021-09-16,419.67,423.4,414.9616,416.84,2262750
2021-09-17,414.97,421.09,414.97,420.16,4534224
2021-09-20,416.92,419.2974,408.72,412.7,2799803
2021-09-21,415.01,418.78,412.21,412.34,2382332
2021-09-22,404.94,412,404.94,408.7,3629528
2021-09-23,409.8,414.85,407.51,408.03,2681575
2021-09-24,406.94,407.89,405.23,407.08,1950406
2021-09-27,407.83,412.15,404.96,405.27,2608595
2021-09-28,402.6,404,397.02,398.62,3115355
2021-09-29,397,401.85,395.8,400.41,2056513
2021-09-30,401.49,403.49,390.46,390.74,3779978
2021-10-01,391.6,393.69,383.12,392.43,3146595
2021-10-04,391.62,395.15,384.76,387.01,3074800
2021-10-05,389.34,396.01,389.24,393.43,3269575
2021-10-06,390.75,394.775,385.84,394.25,2809162
2021-10-07,396.76,408.17,396.71,404.7,2813903
2021-10-08,406.41,409.12,402.64,408.46,2012300
2021-10-11,408,411.215,404.21,404.99,2164172
2021-10-12,405.11,408.38,402.31,403.24,2415888
2021-10-13,403.34,405.31,398.11,403.55,3022259
2021-10-14,425.66,433.5,417.8,420.36,6038968
2021-10-15,422.05,430.49,421.5,428.07,3312213
2021-10-18,428,428,423.84,424.62,2232846
2021-10-19,426.83,427.82,423.4,424.38,1616762
2021-10-20,427,435.53,426.84,435.09,2764103
2021-10-21,435.5,442.5,435.08,442.28,2465157
2021-10-22,440.84,449.29,440.46,449.16,2736159
2021-10-25,450,452.635,446.44,449.49,3553683
2021-10-26,450.49,457.71,447.59,454.64,3103922
2021-10-27,454.64,460.44,453.48,453.48,3520637
2021-10-28,453,457.9,452.52,455.44,1672551
2021-10-29,454.41,461.39,453.06,460.47,2497757
2021-11-01,461.82,465.76,451.1765,454.11,2203362
2021-11-02,456.26,456.44,450.38,452.04,2600121
2021-11-03,450.42,457.52,447.04,457.33,2438191
2021-11-04,457.6,458.51,452.16,456.76,2517324
2021-11-05,457.83,461.52,454.575,455.81,2904970
2021-11-08,456.85,464.19,454.31,462.62,2279871
2021-11-09,462.62,464.47,460.29,464.35,2657937
2021-11-10,465.39,466,456.625,459.9,2818195
2021-11-11,460,460.85,455.44,457.39,2246838
2021-11-12,460.67,460.999,457.08,458.99,2609476
2021-11-15,458,458.205,450.5,450.8,2849840
2021-11-16,452.99,458.35,449.37,449.62,3383816
2021-11-17,450.39,453.96,448.73,448.95,2281511
2021-11-18,448.73,452.81,447.11,449.47,2073808
2021-11-19,448.13,449.445,439.5,440,3536082
2021-11-22,442.82,443.75,437.39,437.54,2598754
2021-11-23,436.01,447.52,436,447.13,2857609
2021-11-24,446.64,450.98,445.64,450.16,2248937
2021-11-26,444.92,448.18,438.21,439.91,2480600
2021-11-29,443.56,453.075,440.55,452,4079718
2021-11-30,447.06,451.35,441.25,444.22,7435449
2021-12-01,452.89,455.92,444.14,444.34,4325958
2021-12-02,443.15,447.885,439.2186,446.02,4738801
2021-12-03,447.77,454.44,445.17,449.32,3038334
2021-12-06,452.15,461.78,451.52,460.11,4721697
2021-12-07,462.745,465.75,460.23,464.73,3105216
2021-12-08,466.09,470.17,462.49,468.86,3228297
2021-12-09,468.53,474.48,467.36,473.32,2977510
2021-12-10,472,478.48,471.01,478.23,2572300
2021-12-13,477.02,480.2568,474.0109,478.14,2724800
2021-12-14,479.75,483.035,477.18,479.46,3018220
2021-12-15,480.6,495.4,480.14,494.38,4188582
2021-12-16,494.01,496.96,490.11,492.86,4080828
2021-12-17,491.42,493.13,486.38,487.12,5716464
2021-12-20,482,485.01,475.26,483.73,3145690
2021-12-21,487.02,489,482.195,487.21,2535993
2021-12-22,487.15,495.45,485.9,494.13,1687590
2021-12-23,495,498.15,492.81,495.38,1706591
2021-12-27,498.68,500.3,496.64,499.5,1349434
2021-12-28,502,505.32,500.4,502.94,1495560
2021-12-29,504.78,507.22,502,505.58,1573962
2021-12-30,507.93,509.23,503.65,504.43,1309798
2021-12-31,504.14,506.87,502.04,502.14,1695418
2022-01-03,500,502.9,493.05,502.28,3034118
2022-01-04,503.2,503.75,490.88,490.9,3908144
2022-01-05,494.77,497,489.69,489.69,3921068
2022-01-06,480,484.135,463.12,469.65,6555181
2022-01-07,467.69,467.97,455.55,458.6,5494221
2022-01-10,456,465.86,454.44,465,5831782
2022-01-11,467.2,470.445,460.67,469,3332814
2022-01-12,468.97,475.32,466.34,473.72,3502254
2022-01-13,475.89,476.55,465.98,467.43,3005301
2022-01-14,469.89,473.1699,465.08,468.69,3665568
2022-01-18,465.17,465.71,458.35,460.99,3939679
2022-01-19,468,475.49,461.51,462.52,4030865
2022-01-20,464.38,471.63,462,463,3228619
2022-01-21,463.5,470.79,461.07,461.17,4273182
2022-01-24,458.07,464.14,448.1278,462.27,4782531
2022-01-25,454.07,459.49,447.27,456.84,3428905
2022-01-26,458.45,463.88,453.45,458.43,4435865
2022-01-27,458.08,468.68,457.0144,461.6,3508851
2022-01-28,461.4,466.28,455.08,466.06,3364353
2022-01-31,465,473.18,464.4,472.57,3500457
2022-02-01,475,475,462.75,468.41,3148584
2022-02-02,469.06,481.98,469.06,479.78,3026806
2022-02-03,498.65,500.1815,483.57,488.77,4370853
2022-02-04,481.75,489.625,480.19,483.17,3066628
2022-02-07,484.91,487.26,481.2988,483.7,2937150
2022-02-08,481.35,495.67,481.35,493.41,3534674
2022-02-09,497,500.93,496.29,498.1,2818193
2022-02-10,492.24,494.22,485.07,486.72,2626102
2022-02-11,484.68,490.43,476.4404,478.13,2493767
2022-02-14,475.11,477.74,469.33,474.4,2549550
2022-02-15,475.94,481.17,475.2,478.23,3001062
2022-02-16,475.5,481.73,471.395,480.05,2651838
2022-02-17,478.17,479.29,468.89,470.34,2403087
2022-02-18,470.25,474.92,466.825,467.81,2992317
2022-02-22,463.83,467.19,457.82,462.51,3030004
2022-02-23,467.19,467.72,458.84,459.62,2840271
2022-02-24,449.52,456.59,445.735,455.89,3933013
2022-02-25,456.65,475.78,456.23,475.75,3314383
2022-02-28,465.85,477.31,465.6103,475.87,3918405
2022-03-01,470.89,476.96,467.725,476.25,2917576
2022-03-02,478.19,487.17,477.89,485.38,3675930
2022-03-03,486,491.38,482.22,486.59,3139373
2022-03-04,480.69,499.66,477.49,498.65,4172420
2022-03-07,500,500,483.02,486.87,4123289
2022-03-08,478.8,484.49,471.52,473.46,3849520
2022-03-09,482.58,487.715,473.5935,485.57,3115667
2022-03-10,479.33,493.71,477.83,491.44,2834819
2022-03-11,487.83,493.8,482.51,482.87,2615085
2022-03-14,490.4,495.59,485.275,487.92,2704148
2022-03-15,490,499.94,487.305,497.91,3043036
2022-03-16,499.83,505.4999,490.01,498.26,3497127
2022-03-17,496,507.12,495.18,507.02,2357157
2022-03-18,508.74,510.6799,501.56,506.12,5065583
2022-03-21,505.01,513,504.36,507.66,2617731
2022-03-22,509.27,511.85,504.84,505.32,2752606
2022-03-23,502.27,507.06,501.3348,503.23,2753285
2022-03-24,505,515.78,503.86,513.46,2789323
2022-03-25,514.19,516.53,509.24,513.03,2551278
2022-03-28,514.32,517.14,508.81,513.2,2643027
2022-03-29,517.1,519.59,507.3,510.73,3478451
2022-03-30,515.11,521.2,512.48,520.82,3041170
2022-03-31,517.1,521.89,509.67,509.97,3979655
2022-04-01,510.68,514.7811,506.6,512.59,2344164
2022-04-04,512.21,512.48,504.5301,510.02,2658095
2022-04-05,510,524.7299,508,517.76,3268601
2022-04-06,518.22,533.5174,518,531.75,3955553
2022-04-07,530,538.28,528.39,536.95,2866953
2022-04-08,539,548.97,538.1,545.96,3986655
2022-04-11,543.6,547.61,536.64,537.44,3573972
2022-04-12,535.41,540.725,530.78,533.71,3575727
2022-04-13,533.32,538.28,528.6234,537,3011998
2022-04-14,538.5,553.29,534.07,534.82,4211268
2022-04-18,537.9,541,530.38,534.08,2087301
2022-04-19,535.89,542.48,535.24,537.7,2207570
2022-04-20,542.14,548.36,539,546.01,2986435
2022-04-21,545.5,548,536.03,537.44,2539864
2022-04-22,532.06,533.35,520.185,520.94,3453260
2022-04-25,520.4,526.26,511.73,524.27,3030378
2022-04-26,524.24,526.26,513.51,513.78,2895496
2022-04-27,514.91,520.9,509.82,513.81,3353693
2022-04-28,516.76,526.28,513.17,524.42,2584196
2022-04-29,518.85,519.9025,506.9604,508.55,2873166
2022-05-02,510.81,513.51,493.34,501.15,3184294
2022-05-03,501.13,505.52,497.48,499.62,2763469
2022-05-04,499.5,509.77,493.09,507.62,4002582
2022-05-05,507.21,510.67,489.23,494.72,3359731
2022-05-06,485.01,501.57,485,499.62,3260260
2022-05-09,490.4,494.63,484.43,486.42,3862856
2022-05-10,493.81,496.35,481.12,488.01,4275796
2022-05-11,484.39,500.52,484.39,486.15,3936256
2022-05-12,486.1,486.89,471.42,478.8,3997597
2022-05-13,480.98,487,475.81,485.4,2453460
2022-05-16,485.41,495.56,484.15,489.22,2338841
2022-05-17,494,494.72,488.4611,492.53,2289028
2022-05-18,488.26,489.21,468.36,471.38,3240456
2022-05-19,464.32,481.58,463.33,478.55,3813778
2022-05-20,481.38,487.47,472.31,485.73,3068172
2022-05-23,486.29,495.74,486.29,492.08,2279825
2022-05-24,490.79,498.08,488.66,497.56,2658056
2022-05-25,498.52,502.31,491.26,498.09,3161599
2022-05-26,501.74,507.255,499.41,502.23,2705786
2022-05-27,491,507.11,489.39,507.11,3349142
2022-05-31,503.62,504.11,495.66,496.78,4003074
2022-06-01,498.32,501.3799,487.78,492.55,1766078
2022-06-02,494,496.15,482.97,492.26,2093659
2022-06-03,488.33,491.67,484.9,485.61,1756929
2022-06-06,489.43,493.63,486.29,490.18,1781544
2022-06-07,489.5,497.61,487.12,497.1,2341954
2022-06-08,494,497.9,488.55,493.53,3268069
2022-06-09,492.88,496.46,487.61,489.43,3148961
2022-06-10,484.8,490.155,480.93,484.63,2600182
2022-06-13,475.13,481.335,467.26,469.7,3764760
2022-06-14,467.5,469.18,457.415,461.75,3814182
2022-06-15,464.2,469.015,456.5,464.33,2550650
2022-06-16,453.4,457.81,450.68,456.09,3135644
2022-06-17,450.75,461.46,449.7009,452.06,5277373
2022-06-21,457.81,485.115,457.1,480.32,5726819
2022-06-22,475.72,495.92,474.54,489.68,5062327
2022-06-23,494.95,503.575,491.96,499.81,4687671
2022-06-24,499.44,499.76,486.56,495.64,15861100
2022-06-27,492.83,511.89,492.58,505.66,3907063
2022-06-28,512.08,518.61,505.08,508.44,4978896
2022-06-29,508.85,518.7,506.01,515.71,3823386
2022-06-30,513.55,516.32,509.72,513.63,3568973
2022-07-01,512.32,517.53,502.31,517.4,2426595
2022-07-05,507.64,511,492.25,505.24,3029679
2022-07-06,505.64,517.41,504.3,515.29,2506694
2022-07-07,515.25,517.3,512.23,514.38,2385476
2022-07-08,512.31,528.37,511.01,518.63,3092242
2022-07-11,514.86,521.47,511.81,516.95,1743844
2022-07-12,513.25,519.14,510.62,514.42,2706479
2022-07-13,508.07,511.86,501.19,501.24,3467663
2022-07-14,495,505.89,492.28,502.43,3765477
2022-07-15,526.06,531.99,515.45,529.75,5742524
2022-07-18,531,532.16,518.75,519.37,3211973
2022-07-19,521.09,533.84,520.59,533.45,2953499
2022-07-20,533.45,534.05,515.73,519.47,4327501
2022-07-21,519.39,522.47,511.14,522.46,2667760
2022-07-22,526,527.6,518.4,521.41,1850361
2022-07-25,526.09,532.89,524.2201,529.47,2337174
2022-07-26,533.8,537.64,531.03,531.59,2637778
2022-07-27,533.54,537.8599,528.04,534.61,2254226
2022-07-28,537.49,544.335,531.74,541.49,2344515
2022-07-29,540.01,543.85,536.69,542.34,2945668
2022-08-01,542.27,543.65,531,535.38,2335110
2022-08-02,537.55,540.53,531.72,535.46,2114181
2022-08-03,537.26,543.62,535.69,540.65,1802871
2022-08-04,539.29,540.43,532.755,533.75,2368022
2022-08-05,530,535.5,527.56,535.06,2373351
2022-08-08,539.91,541.3,533.42,536.6,1656562
2022-08-09,540,545.74,536.38,537.26,2147371
2022-08-10,540.26,541.98,533.81,537.72,2291822
2022-08-11,538.24,538.6336,529.675,532.86,3006208
2022-08-12,535.61,544.395,534.45,543.7,1981072
2022-08-15,541.67,547.21,538.56,544.64,1447471
2022-08-16,545.21,547.44,542.39,546.12,1773163
2022-08-17,545.24,547.79,541.57,545,1471658
2022-08-18,545.01,548.13,541.82,545.22,1486507
2022-08-19,545.5,553.1299,544.815,548.32,2257960
2022-08-22,541.39,549.52,541.35,544.57,1673062
2022-08-23,543.29,543.29,533.21,535.8,2039750
2022-08-24,536.68,539.86,535.02,536.46,1761303
2022-08-25,535.01,542.02,531.25,541.57,1966031
2022-08-26,542.26,543.19,528.22,529.25,1906675
2022-08-29,526,532.9,522.87,529.77,1594143
2022-08-30,530.41,531.09,521.79,522.84,2013614
2022-08-31,520.82,527.1,519.155,519.33,2891267
2022-09-01,519.33,524.26,515.09,524,2085325
2022-09-02,529.62,529.79,513.81,516.35,1944395
2022-09-06,519.93,527.45,516.92,517.68,2712122
2022-09-07,517,523.5,514.68,521.68,2504420
2022-09-08,520.95,528.49,518.81,527.51,1557462
2022-09-09,527.83,527.83,522.58,524.34,2495566
2022-09-12,525,535.02,522.5,531.25,2792131
2022-09-13,524,525.26,511.97,513.96,3172459
2022-09-14,514,515.38,506.1,509.77,2648242
2022-09-15,516.3,527.98,514.1402,522.91,3058112
2022-09-16,518.52,522.82,517.08,521.02,3981880
2022-09-19,518.59,524,512.97,523.55,2130831
2022-09-20,524.24,524.67,514.81,522.8,2421736
2022-09-21,525.03,528.01,512.02,512.08,2427676
2022-09-22,511.03,520.97,506.1101,517.46,2285665
2022-09-23,513.56,514.66,506.38,513.61,2536898
2022-09-26,507.39,512.57,499,508.36,2867422
2022-09-27,510.37,516.795,503.58,508.37,2583422
2022-09-28,506.48,516.27,500.8,513.94,3027461
2022-09-29,514.77,514.77,502.47,508.83,2391995
2022-09-30,511.1,516.55,504.84,505.04,3115982
2022-10-03,507.08,517.81,505.4,515.51,2562378
2022-10-04,518.35,524.59,516.83,523.17,3189949
2022-10-05,521,529.35,520.13,527.07,2281842
2022-10-06,528.33,528.575,516.74,519.13,2187472
2022-10-07,514.17,514.17,501.06,504.85,3273730
2022-10-10,505.6,506.31,495.02,498.86,2459074
2022-10-11,496.97,506.83,495.18,499.81,2844484
2022-10-12,502.13,508.25,498.21,499.96,2254405
2022-10-13,493.45,513.47,487.74,509.91,3999686
2022-10-14,520,529.91,511.93,513.13,5629394
2022-10-17,517.74,524.31,515.28,521.88,3282253
2022-10-18,532,532,518.325,522.21,2345539
2022-10-19,521.74,523.815,514.6,520.32,2500475
2022-10-20,523.05,529.42,519.78,520.88,2390876
2022-10-21,518.06,536.5325,518.01,533.73,2896214
2022-10-24,538.07,546.48,537.8,541.6,2627131
2022-10-25,537.79,543.92,533.9,540.22,2411856
2022-10-26,541.38,547.64,540.205,543.17,2863742
2022-10-27,546.52,546.52,539.76,541.8,2212194
2022-10-28,544.97,553,543.69,551.24,2761938
2022-10-31,555,558.1,550.13,555.15,2770635
2022-11-01,555,555.69,544.22,547.31,3339099
2022-11-02,544.41,554.58,543.07,543.43,2697704
2022-11-03,541.74,547.87,538.13,543.61,2245262
2022-11-04,547.05,547.76,527.14,538.17,3513052
2022-11-07,538.17,546.95,535.47,545.02,2540371
2022-11-08,547.05,554.8,542,553.05,2797204
2022-11-09,553.78,554.61,539.44,540.66,2672602
2022-11-10,548.93,551.7,533.95,544.17,3426381
2022-11-11,546.28,546.28,509.65,522.08,7034283
2022-11-14,522,528.98,513.41,513.75,5238379
2022-11-15,512.81,516.635,500.7724,503.01,5103837
2022-11-16,505.89,514.13,505.47,511.52,3430771
2022-11-17,512.16,526.98,512.16,515.31,4247498
2022-11-18,522.12,532.995,519.4591,530,3566312
2022-11-21,529.01,531.95,515.38,517.19,3349944
2022-11-22,519.94,524.6552,519.91,523.09,2567508
2022-11-23,525,530.44,523,529.71,2238349
2022-11-25,534,540.85,532.52,537.62,1419205
2022-11-28,535.83,539.58,531.69,532.27,2702268
2022-11-29,531.67,532.97,523.65,528,3751059
2022-11-30,529.72,548.08,527.48,547.76,9688890
2022-12-01,552.36,553,535.8,536.91,2997802
2022-12-02,532.83,538.61,532.44,536.16,2346191
2022-12-05,531.49,540.38,530.88,535.04,2424963
2022-12-06,534.42,540.59,534.24,539.32,3097655
2022-12-07,540.84,545.905,539.6344,542.91,2849099
2022-12-08,544.86,551.29,543.78,547.92,2272332
2022-12-09,547.93,548.49,538.87,539.2,2852394
2022-12-12,541.85,546.079,539.28,545.86,2714056
2022-12-13,550.56,550.99,535.1,538.22,3369673
2022-12-14,541.93,543.48,531.57,538.36,2654614
2022-12-15,533.99,534.07,525.47,527.68,2964503
2022-12-16,525.15,525.81,515.72,523.7,7109084
2022-12-19,524.6,527.2111,520.928,523.6,1808107
2022-12-20,526.99,526.99,519.7,520.21,2086249
2022-12-21,523.63,527.8799,518.1,527.54,2182136
2022-12-22,526.48,529.01,521.63,527.09,1852690
2022-12-23,524.1,531.31,522.895,531.31,1292327
2022-12-27,533.93,535.84,529.845,531.99,1596719
2022-12-28,535.07,538.15,527.734,528.45,1694377
2022-12-29,532.54,533.68,528.86,529.88,1379681
2022-12-30,530,530.5,524.84,530.18,1849605
2023-01-03,525.13,525.63,512.1601,518.64,3525627
2023-01-04,518.64,518.64,500.6,504.5,5070439
2023-01-05,501.01,502.09,488.5,489.96,5497123
2023-01-06,491.59,492.87,487.5401,490,4841278
2023-01-09,492.41,499.99,488.54,490.06,3702782
2023-01-10,488.85,490.47,482.68,486,3164038
2023-01-11,485.29,495.6,485,493.4,4274212
2023-01-12,490,498.73,485.22,495.67,3726800
2023-01-13,486.11,509.5,486,489.57,5390067
2023-01-17,491.2,492.94,483.78,485.08,4495565
2023-01-18,488.05,489.5,474.75,476.24,4398196
2023-01-19,477.87,486.39,477.3882,484.36,4549554
2023-01-20,485.53,486.99,479,486.72,3525905
2023-01-23,486.68,490.1,481.39,485.81,3418670
2023-01-24,500.26,500.26,480,491.6,3036295
2023-01-25,489.28,495.36,485.73,492.5,3037315
2023-01-26,492.5,496.45,490.5801,492.48,3004962
2023-01-27,493.37,493.37,484.47,486.05,3177132
2023-01-30,487.81,495.25,484.8,485.79,3606855
2023-01-31,498,505.5,493.13,499.19,5567038
2023-02-01,499.95,504.38,495.67,497,3451202
2023-02-02,494.26,495,463.89,470.83,11169880
2023-02-03,475.23,478.78,469.75,472.02,5440070
2023-02-06,472,478.965,471.01,475.24,4174173
2023-02-07,471.04,478.08,469.0301,476.88,3394630
2023-02-08,475.47,485.035,475.11,483.22,3466399
2023-02-09,485.63,489.695,482.4,485.73,3664633
2023-02-10,489.13,495.66,488.75,494.25,3418087
2023-02-13,494,499.865,491.76,495.35,2589104
2023-02-14,494.29,497.9535,489.09,492.83,2072571
2023-02-15,489.65,491.83,488.39,491.25,2243051
2023-02-16,491.15,494,487.27,487.35,2611457
2023-02-17,487.38,499.46,487.35,499.08,3891503
2023-02-21,496.7,501.395,490.5,491.31,2877341
2023-02-22,492.81,493.89,488.67,488.89,2982761
2023-02-23,486.66,493.33,485.8665,491.69,2511809
2023-02-24,489.58,492.51,483.01,484.33,2940610
2023-02-27,488.77,490.94,481.96,483.32,3006212
2023-02-28,482.67,483.36,473.92,475.94,3902052
2023-03-01,473.61,478.405,472,475.22,2996913
2023-03-02,475.21,480.43,473.25,477.7,2189176
2023-03-03,477.94,479.1,474.22,478.56,2863285
2023-03-06,481.37,484.35,479,480.78,3812682
2023-03-07,482.98,483.82,472.56,473.88,2589219
2023-03-08,471.75,475.39,466.76,470.6,3036582
2023-03-09,473.95,473.95,463.75,464.91,2780394
2023-03-10,462.77,468.86,457.59,460.33,3787451
2023-03-13,458.65,470.37,458.65,463.68,2971643
2023-03-14,464.65,469.8393,459.05,464.58,3258220
2023-03-15,460.99,468.879,459.24,465.43,3770207
2023-03-16,464.71,473.39,463.1,472.02,2941004
2023-03-17,471.39,472.01,466.3,469.5,5289996
2023-03-20,470,479.82,470,476.96,3119552
2023-03-21,478.39,481.45,475.72,480.1,3163424
2023-03-22,481.95,485.74,474.82,475.52,2632211
2023-03-23,477.41,480.67,466.67,469.91,3284884
2023-03-24,468.98,476.88,467.59,475.99,2533418
2023-03-27,485.55,486.29,478.59,481.9,2271779
2023-03-28,482,483.79,470.69,472.58,2369491
2023-03-29,475.11,475.88,464.95,466.59,3733210
2023-03-30,466.57,470.4099,461.075,470.06,3324845
2023-03-31,471.52,475.995,470.1,472.59,3996695
2023-04-03,485.2,496.13,483.4901,494.19,4729089
2023-04-04,493.03,496.095,491.84,493.25,2624755
2023-04-05,497.39,511.74,496.1,509.23,4964776
2023-04-06,511,514.24,507.1519,512.81,3472551
2023-04-10,510.81,515.39,508.09,515.18,2714548
2023-04-11,516.14,522.22,515.22,520.97,3065335
2023-04-12,524.98,526.7,520.04,521.19,3422561
2023-04-13,523.91,530.45,520.5,526.23,4224353
2023-04-14,522,527.24,508.5,511.79,4871970
2023-04-17,508.72,509.59,502.75,505.35,3660940
2023-04-18,503.67,506.99,498.14,504.48,3232033
2023-04-19,500.65,501.97,483.625,486.2,5809078
2023-04-20,485.47,489.65,483.26,487.46,3283234
2023-04-21,490.04,490.73,482.14,483.82,3165280
2023-04-24,483.41,490.22,482.6481,488.94,2322433
2023-04-25,492.68,498.5026,490.58,491.92,2937292
2023-04-26,485.87,487.7,478.36,482.95,2929969
2023-04-27,482.2,490.98,482.2,490.47,2473223
2023-04-28,488.69,493.96,488.12,492.09,2398914
2023-05-01,494.59,499.385,491.8091,495.7,2105592
2023-05-02,495.25,496.71,489.27,493.39,2152342
2023-05-03,494.4,495.45,488.03,489.44,1749709
2023-05-04,487.05,489.69,481.95,487.28,2555690
2023-05-05,494.06,500.85,492.03,494.28,2329402
2023-05-08,492.04,494.35,488.32,492.62,1738461
2023-05-09,492.84,499.4,490.3,490.38,2038644
2023-05-10,489.4,493.465,487.64,490.07,2018899
2023-05-11,488,490.12,485.66,488.76,2384419
2023-05-12,488.76,492.9,487.745,491.23,1536748
2023-05-15,491.4,491.79,483.7,486.86,2169713
2023-05-16,487.62,489.21,479.01,479.72,2179518
2023-05-17,480,485.4,477.54,484.81,2682082
2023-05-18,482.05,482.55,473.89,479.23,3040115
2023-05-19,479.58,484.8,477.81,478.82,2318047
2023-05-22,480.44,482.2044,477.91,480.62,2242831
2023-05-23,476.18,483.39,472.544,479.44,2874407
2023-05-24,480.61,483.28,478.89,480.83,1904673
2023-05-25,477.63,481.77,474.3,477.7,2684136
2023-05-26,478.06,488.39,478,481.52,3135257
2023-05-30,476.68,485.87,476.03,479.85,3180817
2023-05-31,478.12,487.4,477.11,487.24,4944096
2023-06-01,487.79,498.78,486.11,493.63,3376556
2023-06-02,492,501.02,490.36,499.58,3064711
2023-06-05,500.7,502.9,497.415,498.19,2688805
2023-06-06,499.9,499.9,483.665,487.57,3816607
2023-06-07,489.95,490.4399,481.6,482.13,4381722
2023-06-08,484.39,491.82,482.43,490.23,2726055
2023-06-09,489.99,498.2194,487.225,493.62,3174372
2023-06-12,492.3,494.45,488.7201,492.59,2207832
2023-06-13,490.87,494.66,488.66,491.31,3016633
2023-06-14,454.64,460.63,445.68,459.86,14672360
2023-06-15,461.99,472,460.91,465.89,6798125
2023-06-16,466.14,468.515,457.93,458.49,7699120
2023-06-20,456.75,470.49,456.75,469.39,4598303
2023-06-21,468.95,479.365,467.19,476.75,4886662
2023-06-22,478.18,483.18,478,479.05,3179488
2023-06-23,478.33,482.275,476.55,477,4862584
2023-06-26,478.14,481.31,473,479.06,2968328
2023-06-27,478.13,483.18,477.77,482.56,3693167
2023-06-28,481.96,482.12,473.98,474.45,3670111
2023-06-29,475.08,479.71,473.08,476.44,2979403
2023-06-30,478,482.1,475.12,480.64,3970398
2023-07-03,478.1,480.21,476.3,477.88,1915740
2023-07-05,476.03,477.29,470.59,471.22,5053717
2023-07-06,469.35,472.4,466.65,469.36,3914139
2023-07-07,465,468.61,460.82,461.58,4131582
2023-07-10,460,463.1,459.1601,463.05,4339421
2023-07-11,462.37,466.49,461.14,462.89,3087467
2023-07-12,463,464.82,451.25,451.7,7287591
2023-07-13,452,454.9,447.18,447.75,7276840
2023-07-14,462.55,485,460.11,480.17,11379330
2023-07-17,481.11,484.6,478.3,484.08,4582703
2023-07-18,489.33,504.42,487.5,500,8817931
2023-07-19,507.54,514.655,502.48,503.7,4956477
2023-07-20,506.66,508.68,500.525,504.24,2963123
2023-07-21,505.05,510.405,504.52,506.53,2887339
2023-07-24,505.33,509.78,504.565,508.68,2278967
2023-07-25,510,512.5,507.275,510.93,2730622
2023-07-26,511.54,515.86,506.63,508,3697182
2023-07-27,508.57,510.5,503.13,505.23,3028276
2023-07-28,505.21,507.48,497.28,502.91,2930900
2023-07-31,503,507.88,499.06,506.37,2441688
2023-08-01,507.5,510.04,502.49,504.74,2161660
2023-08-02,509.69,510.47,502.99,504.8,3221607
2023-08-03,502.89,506,501.04,504.86,2443050
2023-08-04,510,510.895,501.75,502.73,2411227
2023-08-07,505.74,513.6,504.6456,510.74,2430910
2023-08-08,503,508.165,500.02,505.86,2422671
2023-08-09,504,505.7319,500.88,502.11,1917137
2023-08-10,504.47,512.0351,502.78,503.48,2179754
2023-08-11,505.63,510.67,504.2526,508.01,2029635
2023-08-14,509.15,513.5,508.25,510.93,2127417
2023-08-15,511.58,513.65,506.27,506.69,1817631
2023-08-16,508,510.5,502.83,503.56,1454137
2023-08-17,495.48,501.23,491.82,493.96,3009465
2023-08-18,494.78,500.94,493.5,498.44,2364508
2023-08-21,497.51,500.25,496.22,497.68,1533600
2023-08-22,495.42,496.79,491.33,492.34,2079660
2023-08-23,493,494,487.93,489.44,2011353
2023-08-24,491.43,495.42,487.21,488.1,2311263
2023-08-25,489.92,491.15,484.65,489.12,1923586
2023-08-28,490.49,493.0581,489.13,491.28,1344594
2023-08-29,491.47,492.94,487.97,492.83,2113674
2023-08-30,493.99,496.71,490.29,491.53,2283649
2023-08-31,492.36,493.82,476.29,476.58,4927736
2023-09-01,479,480.65,473.36,476.24,3165860
2023-09-05,478,484.6,477.544,480.81,3443268
2023-09-06,482.09,483.16,476.375,476.94,2596242
2023-09-07,479.9,487.105,478.6,484.81,2928070
2023-09-08,480.19,482.97,478.75,480.77,1858464
2023-09-11,481.98,483.84,478,479.38,2059286
2023-09-12,477.38,483.64,472.12,479.9,2195320
2023-09-13,481.43,484.04,479.46,479.84,2197825
2023-09-14,482.63,485.27,478.7775,483.6,2334531
2023-09-15,485.74,489.82,484.14,486.7,5334308
2023-09-18,488.41,488.74,483.5977,486.06,1997493
2023-09-19,483.76,485.73,476.54,480.66,3230987
2023-09-20,482.75,495.11,479.14,492.13,3725282
2023-09-21,494.19,505.135,493.08,501.14,4703959
2023-09-22,499,509.4288,498.03,506.1,4558659
2023-09-25,508.26,510.935,506.63,510.28,2758591
2023-09-26,508.94,509.42,504.38,505.45,2420166
2023-09-27,506.23,506.36,501.05,503.73,2593742
2023-09-28,505.97,514.15,505.01,510.1,2922128
2023-09-29,509.85,509.88,503.8,504.19,3006233
2023-10-02,505.53,514.84,503.135,514.57,3550376
2023-10-03,513.3,513.98,508.36,509.47,3143403
2023-10-04,509.485,511.82,506.61,510.62,2801845
2023-10-05,511.62,518.21,511.23,516.23,2790666
2023-10-06,516.45,525.95,515.98,524.81,3647187
2023-10-09,521.15,526.87,520.25,526.51,2341552
2023-10-10,526.5,528.14,523.08,524.24,2455689
2023-10-11,520.92,525.59,520.23,524.13,2819534
2023-10-12,524.47,528.58,522.25,525.54,2377335
2023-10-13,533.25,544.46,532,539.4,5245988
2023-10-16,543.18,546.78,536.12,538.03,3827781
2023-10-17,539.94,542.435,534.57,536.65,2586106
2023-10-18,543.04,543.98,535.395,536.06,2551563
2023-10-19,536.82,538.34,529.25,531.63,2351431
2023-10-20,531,534.43,526.77,527.03,2811061
2023-10-23,527.03,527.78,520.29,521.57,2357728
2023-10-24,522.86,530.67,522.07,525,1978223
2023-10-25,527.27,532.36,520.08,530.21,2380055
2023-10-26,525.7,530.47,522.52,528.36,2675811
2023-10-27,525.99,527.74,521.26,524.66,2585616
2023-10-30,525,531.82,522.94,529.99,2555488
2023-10-31,535,536.68,531.62,535.56,2464432
2023-11-01,529.98,535.83,526.8,531.6,2747517
2023-11-02,532,536.84,526.945,536.13,2351091
2023-11-03,534.57,535.98,528.8,530.9,2739692
2023-11-06,531.63,536.02,530.05,533.46,2684944
2023-11-07,535.36,539.65,531.52,537.83,2604887
2023-11-08,540,541.395,534.14,536.73,1769355
2023-11-09,537.6,540.91,534.48,539,1819805
2023-11-10,542.68,542.68,536.02,541.21,2480816
2023-11-13,541.15,544.15,537.91,542.57,1507912
2023-11-14,539.03,542.675,536.51,540.46,2453957
2023-11-15,540.05,540.46,531.7001,538.41,2473801
2023-11-16,538.41,544.86,537.47,539.82,2360281
2023-11-17,540.27,540.52,528.34,536.29,2676925
2023-11-20,533.61,536.34,531.8,535.1,2518566
2023-11-21,537.77,541.67,534.19,539.59,2115756
2023-11-22,542.97,544.4,540.255,543.76,2234478
2023-11-24,544.93,547.59,542.81,547.1,1134977
2023-11-27,547.1,550.8891,541.5347,543.59,2675815
2023-11-28,545.63,545.82,540.07,540.53,2859309
2023-11-29,530,541.86,528.65,534.98,4549977
2023-11-30,535.79,553.94,534.01,552.97,7121207
2023-12-01,550.42,554.7,545.16,547.16,3462153
2023-12-04,548.26,551.87,543.0351,548.28,2709303
2023-12-05,549.1,552.53,545.35,550.26,2645818
2023-12-06,547.56,551.88,547.1,549.53,2239744
2023-12-07,551.35,551.51,544.52,548.27,2511800
2023-12-08,550.22,551.73,544.54,549.77,2039910
2023-12-11,549.76,550,539.06,543.68,3655411
2023-12-12,545.8,547.49,542.65,545.72,2706170
2023-12-13,544,549.42,538.59,549.01,2876618
2023-12-14,544.3,544.92,529.4,534.24,5386810
2023-12-15,530,533.5,522.96,531.12,9030116
2023-12-18,529.11,531.47,525.23,526.55,3260319
2023-12-19,524.59,527.62,521.78,524.04,3645785
2023-12-20,523.85,524.83,515.87,515.93,3847805
2023-12-21,518.88,520.8199,516.5001,519.88,2491554
2023-12-22,519.88,523.01,518.02,520.31,1759571
2023-12-26,519.88,521.48,517.97,520.03,1390912
2023-12-27,519.75,523.16,519.36,522.79,1851840
2023-12-28,523.47,527.87,522.94,524.9,2001208
2023-12-29,525.98,528.24,523.92,526.47,2080197
2024-01-02,526.84,539.66,526.67,539.34,3415659
2024-01-03,543.04,546.79,539.48,542.03,2891500
2024-01-04,545,549,543,545.42,2994377
2024-01-05,547,547,533.725,537.38,2815541
2024-01-08,539.4,540.25,528,536.52,2648939
2024-01-09,538,539.61,532.33,538.37,2677038
2024-01-10,538.1,541.2,536.15,537.64,2179994
2024-01-11,536.13,540.16,534.5301,539.68,2814058
2024-01-12,518.86,528.4799,513.13,521.51,6327267
2024-01-16,523.71,524.5,516.55,519.15,3736718
2024-01-17,521.28,530.655,520,524.94,3791496
2024-01-18,505.23,516.84,497.46,516.34,7367041
2024-01-19,515,517.55,501.82,503.56,6143395
2024-01-22,503.94,513.57,496.5,512.99,5922855
2024-01-23,512.5,518.08,512.08,515.52,2673106
2024-01-24,517.9,521.73,512.95,513.23,2918924
2024-01-25,487.59,495.51,479,493.4,14671000
2024-01-26,493.28,503.69,489.9,503.2,6212173
2024-01-29,503.11,506.51,501.15,504.54,4554106
2024-01-30,504.54,506.05,499.22,503.61,4931215
2024-01-31,504.51,515,504.51,511.74,5358104
2024-02-01,508.83,510.2225,503,507.14,4242580
2024-02-02,508.25,512.91,505.39,510.23,3804521
2024-02-05,509.96,514.195,500.05,502.96,3646516
2024-02-06,503.94,510.94,502.45,510.67,2745515
2024-02-07,514.01,521,512.69,519.39,4109062
2024-02-08,520.63,522.16,517.2834,520.09,3342976
2024-02-09,518.99,520.39,516.29,518.22,2715493
2024-02-12,518.22,518.99,512.81,517.64,3194016
2024-02-13,522,526.93,514.21,516.85,3436087
2024-02-14,515.26,518.53,514.29,516.94,1918535
2024-02-15,517.34,521.7531,515.8,520.88,2292306
2024-02-16,522.3,523.79,518.89,521.55,2135586
2024-02-20,524.21,525.37,519.41,521.06,2600288
2024-02-21,523.67,523.69,517.535,521.97,2096023
2024-02-22,524.2,526.74,518.59,526.5,3186819
2024-02-23,526.75,530.495,524.16,527.24,2502146
2024-02-26,528.32,532.81,524.31,525.32,2308927
2024-02-27,524.76,525.59,512.05,513.42,3780619
2024-02-28,495.44,498.5501,484.39,498.28,9558553
2024-02-29,498.5,501.75,491.6,493.6,6833167
2024-03-01,489.42,490.02,477.25,489.53,7315039
2024-03-04,483.24,487.04,480.1,481.87,5239810
2024-03-05,482.39,482.9,470.615,473.15,5296200
2024-03-06,474.44,479.8,468.19,472.6,5577493
2024-03-07,474,481.19,473.6,478.78,5102043
2024-03-08,478.33,484.25,474.77,476.57,4673567
2024-03-11,477,490.31,476,489.15,4410088
2024-03-12,488.13,492.28,487.345,489.35,4153799
2024-03-13,493.52,496,485.33,488,3669036
2024-03-14,488.72,489.68,485.19,489,3378538
2024-03-15,487.45,491.22,487.45,490.82,5713536
2024-03-18,492.1,492.1,486.375,487.05,2970640
2024-03-19,489.67,493.44,487.79,493.32,2511743
2024-03-20,492.47,494.6,489.44,494.23,3548160
2024-03-21,492.28,496.2,491.28,491.69,3693408
2024-03-22,495.2,495.83,489.77,490.07,2847269
2024-03-25,490.6,491.48,484.07,485.88,2786141
2024-03-26,488.13,493.34,485.23,492.31,3113314
2024-03-27,493.7,495.73,491.31,493.1,2653185
2024-03-28,495,495.87,489.3,494.7,3820008
2024-04-01,494.47,495.78,488.7,489.7,2928707
2024-04-02,459.6,463.68,449.6,458.14,11867020
2024-04-03,462,462.85,455.55,459.74,4460400
2024-04-04,460.82,461.72,451.92,455.38,5182046
2024-04-05,450.685,457.75,450.01,455.74,5747375
2024-04-08,455.97,457.1999,453.59,456,4532254
2024-04-09,454.28,459.76,452.46,459.72,3521731
2024-04-10,455.49,458.74,449.78,450.05,4493483
2024-04-11,450.39,450.77,441.48,441.72,5844125
2024-04-12,440.335,442.24,436.38,439.2,6045671
2024-04-15,442,448.35,441.99,445.63,5376771
2024-04-16,476.77,479.75,465.6,468.89,11816520
2024-04-17,478.6,488,474.59,478.99,8759779
2024-04-18,486.13,502,485.97,493.18,8880448
2024-04-19,497,507.3,495.56,501.13,6618600
2024-04-22,497.78,499.42,490.64,491.23,4697677
2024-04-23,491,494.31,484.97,486.18,3646662
2024-04-24,483.78,488.86,480.71,487.3,3724418
2024-04-25,488.96,497.13,487.53,493.86,4329652
2024-04-26,492,497.23,491.4,495.35,2727016
2024-04-29,495.71,497.35,487.77,489.03,2192838
2024-04-30,488.96,489.71,482.59,483.7,3367521
2024-05-01,479.26,489.19,477.0664,484.11,2729234
2024-05-02,484.28,493.69,483.94,492.97,3561404
2024-05-03,490.86,492.785,485.78,492.45,2487811
2024-05-06,492.48,494.87,492,494.38,2029503
2024-05-07,496,501.65,495.04,500.96,3752131
2024-05-08,504.17,507,500.075,503.21,3079031
2024-05-09,502.14,507.97,502.14,507.03,2343066
2024-05-10,509,513.575,507,512.81,2784585
2024-05-13,512.05,514.67,507.31,511.74,2454689
2024-05-14,514.58,516.17,507.3,513.88,2949795
2024-05-15,514.83,522.59,514.83,517.55,2981351
2024-05-16,520,528.16,519.51,521.27,3655775
2024-05-17,522.94,525.85,520.01,524.63,2657396
2024-05-20,524.63,524.63,516.54,517.23,2476393
2024-05-21,518.32,524.72,515.92,523.55,2521986
2024-05-22,522.82,526.28,520.65,521.35,2299273
2024-05-23,518.32,520.225,515.23,516.83,3055555
2024-05-24,516.11,517.14,507.52,508.17,2528228
2024-05-28,506.65,506.65,501.9,503.68,2912992
2024-05-29,492.34,493.9,473.27,484.72,7521587
2024-05-30,482.32,486.03,478,481.65,5170507
2024-05-31,482.41,498.41,482.41,495.37,6694985
2024-06-03,494.13,498.68,493.07,497.44,2795265
2024-06-04,498.56,508.27,494.59,505.49,3178436
2024-06-05,508.7,509.1,498.8,503.12,2464359
2024-06-06,503.65,504.695,497.28,501.92,2419608
2024-06-07,502.04,502.86,490.42,490.69,3416349
2024-06-10,491,495.39,486.19,495,3332892
2024-06-11,490.86,497.78,490.285,496.22,4599726
2024-06-12,500,500,487.415,493.07,4048214
2024-06-13,490.28,502,484.38,497.3,4951694
2024-06-14,496.83,497.85,491.73,497.12,3188374
2024-06-17,491.33,493.12,488.695,489.23,2407163
2024-06-18,490.71,491.655,479.04,481.05,3692708
2024-06-20,480.04,485.92,478.11,484.52,5258232
2024-06-21,484.44,488.3,480.59,482.59,6775974
2024-06-24,488.86,490.89,484.5,489.98,5139763
2024-06-25,490.64,490.64,480.6,484.5,3209889
2024-06-26,484.5,487.44,481.47,484.04,3153096
2024-06-27,485.05,488.975,482.05,486.44,2992070
2024-06-28,496.37,509.4,489.405,509.26,22734200
2024-07-01,506.745,508.91,492.891,494.65,4523141
2024-07-02,494.26,498.47,493.39,498.24,3312171
2024-07-03,497.12,498.08,486.52,489.89,2239210
2024-07-05,489,489.67,484.5,488.01,3498996
2024-07-08,489.19,493.88,486.17,489.34,3450841
2024-07-09,488.33,495.4,486.09,492.11,3057284
2024-07-10,490.94,501.5,490.1201,500.93,3189837
2024-07-11,497.7,508.73,497.7,504.36,3536225
2024-07-12,506.92,514.57,503.43,511.53,3570624
2024-07-15,524.24,530.83,513.8,515.37,5127979
2024-07-16,533.9,549.92,527.13,548.87,11061990
2024-07-17,554,573.61,551.3,573.28,10330780
2024-07-18,564.5,581.5,561.4201,564.34,6834821
2024-07-19,567.12,569.9,561.54,565.33,4290440
2024-07-22,563.05,564.25,557.08,558.53,3377308
2024-07-23,558.79,558.835,552.8102,554.7,2785570
2024-07-24,560,561.13,553.02,559.75,3156232
2024-07-25,562,569.89,558.58,559.68,3102947
2024-07-26,560,579.13,560,569.72,3202023
2024-07-29,565.71,571.35,561.76,566.75,2965169
2024-07-30,566.9,579.4299,565.99,576.33,4139053
2024-07-31,565.44,580.9032,562.32,576.16,4713230
2024-08-01,577.2,587.5,567.1,572.77,3680778
2024-08-02,582.33,591.54,575.25,589.83,5094041
2024-08-05,582.12,586.82,566.7624,569.96,4587352
2024-08-06,568.21,577.52,562.53,568.35,3216525
2024-08-07,566.61,571.65,557.025,566.08,4320853
2024-08-08,564.37,572.45,564.37,566.24,2860848
2024-08-09,564.54,565.93,557.63,558.76,2976835
2024-08-12,562.32,569,561.05,565.29,2532389
2024-08-13,569.99,575.73,569,574.24,2369555
2024-08-14,575.24,581.115,573.2677,579.67,2344386
2024-08-15,579.67,583.34,573.51,579.61,2751927
2024-08-16,580.92,581.65,574.1,577.68,2728939
2024-08-19,578.08,583.3,577.07,578.78,1847941
2024-08-20,579.85,583.81,575.5,580.65,1677473
2024-08-21,581.51,583.39,577.43,578.07,2844546
2024-08-22,579.25,582.95,570.62,578.72,2282117
2024-08-23,581,585.205,578.45,584.51,2376416
2024-08-26,588.05,592.09,585.74,587.13,1800112
2024-08-27,589.47,592.34,583.78,587.35,1581952
2024-08-28,589.01,592.84,583.87,588.54,1657042
2024-08-29,590.68,592.61,584.37,591.57,1953372
2024-08-30,590,593.255,586.59,590.2,2944705
2024-09-03,592.52,600.6599,591.82,598.68,3175479
2024-09-04,600,607.94,597.88,604.18,2935040
2024-09-05,604.19,606,589.67,595.49,2144906
2024-09-06,595.87,600.61,592.26,596.88,2926369
2024-09-09,598.32,599.48,575.27,594.1,3411393
2024-09-10,595.21,604.7992,591.15,599.03,2863494
2024-09-11,589.14,591.4,578.97,589.75,3563783
2024-09-12,588.53,590.51,583.21,588.42,3395835
2024-09-13,591.08,597.68,587.23,594.32,2242003
2024-09-16,595,598.79,587.76,589.14,2548647
2024-09-17,586.01,586.715,576.39,577.96,3415975
2024-09-18,576.86,584.52,572.31,580.65,2988303
2024-09-19,583.72,584.83,574.58,577.07,2945679
2024-09-20,571.695,578.84,569.65,575,5398749
2024-09-23,576.49,579.435,572,573.41,2386142
2024-09-24,570.82,577.31,566,575.19,3188511
2024-09-25,577.87,581.11,573.08,576.31,2658894
2024-09-26,575,576.6,570.91,574.81,2751960
2024-09-27,577.68,586.71,576.59,581.85,2986238
2024-09-30,583.5,586.42,578.74,584.68,3009766
2024-10-01,585,588.7,580.765,583.3,2648628
2024-10-02,604.26,604.52,584.25,592.31,3667113
2024-10-03,590.61,593.23,584.365,592.75,2645877
2024-10-04,592.13,596.13,588.4399,591.2,2463201
2024-10-07,588.79,592.44,583.33,583.56,2591083
2024-10-08,588.06,589.21,579.56,581.58,2231446
2024-10-09,582.16,592.7999,580.6139,591.22,2207858
2024-10-10,595.18,598.95,592.76,597.7,2143284
2024-10-11,596.49,601.5225,596.2,598.05,1909733
2024-10-14,599.11,608.63,597.38,605.4,2447087
2024-10-15,552.02,569.7,543,556.29,11939360
2024-10-16,557.01,576.1799,555.12,571.34,5103928
2024-10-17,560.58,569.47,558.72,566.03,5588677
2024-10-18,566.85,570.95,563.0357,569.61,3687045
2024-10-21,569.64,579.275,568.7,571.47,3018013
2024-10-22,567.85,573.04,565.49,569.86,2594048
2024-10-23,572.13,574.14,560,564.64,2912085
2024-10-24,564.99,571.7,560.31,560.81,2590197
2024-10-25,566.16,571.5,563.61,564.56,2513728
2024-10-28,566.25,568.33,562.81,565.24,1826559
2024-10-29,562.82,567.68,560.655,562.13,2600448
2024-10-30,561.25,570.311,560.95,562.96,2323558
2024-10-31,560.88,568.45,560.88,564.5,2490014
2024-11-01,565.12,570.325,563.9,567.56,2548368
2024-11-04,566.74,568.59,555.415,557.77,2656777
2024-11-05,558.28,568.74,554.4,567.03,2608133
2024-11-06,603.895,605.5,590.8501,596.69,6591301
2024-11-07,598.69,607.6418,596.15,605.45,5254274
2024-11-08,609,619.8,605.2,615.81,3875838
2024-11-11,616.895,630.73,613.9225,625.25,3003242
2024-11-12,619.58,624.48,613.775,614.67,2809603
2024-11-13,613,613.005,603.06,605.87,3409793
2024-11-14,603.48,606,588.99,593.15,3079199
2024-11-15,591.92,598.93,589.95,592.23,3423919
2024-11-18,589.44,594.14,585.32,589.65,2577124
2024-11-19,582.72,586.835,576.77,577,3198346
2024-11-20,582.71,602.6436,581.55,600.5,3928765
2024-11-21,600,604,596.73,597.49,2722929
2024-11-22,598.56,601.26,588.675,590.87,3198124
2024-11-25,597.58,609.84,595.01,605.83,5146485
2024-11-26,608.24,608.47,598.88,606.79,2693612
2024-11-27,611.03,617.45,606.7,608.38,2269792
2024-11-29,608.8,615.78,606.62,610.2,2010812
2024-12-02,614,614,600.77,608.52,3365099
2024-12-03,610.85,615.75,604.82,605.23,2329878
2024-12-04,611.02,622.83,606.97,610.79,4147575
2024-12-05,605.64,608.9899,573.885,578.97,5943684
2024-12-06,582.105,582.105,544.1401,549.62,13003640
2024-12-09,552,562.98,544.6412,560.62,7684650
2024-12-10,562,567.7499,557.0301,565.19,5360590
2024-12-11,555.655,558.1,532.67,533.53,10362990
2024-12-12,531.53,534,514.19,515.76,9403795
2024-12-13,515.64,527.53,510.72,520.48,8202905
2024-12-16,518,521.7,496.08,498.5,8879986
2024-12-17,487,495.6,475.82,485.52,14132660
2024-12-18,488.43,506.535,486,499.72,10147600
2024-12-19,500.14,503.65,486.24,489.25,7418073
2024-12-20,489.29,502.64,488.73,500.13,10956890
2024-12-23,500.76,508.78,499.05,506.34,4285978
2024-12-24,504.4,506.1,500.59,506.1,1824393
2024-12-26,505.65,512.22,504.73,511.15,3387986
2024-12-27,509.42,513.18,507.8,509.99,3471799
2024-12-30,506.86,509.73,500.66,507.8,5409047
2024-12-31,509.35,511,503.34,505.86,4214367
2025-01-02,508,512.11,503.2901,504.51,4237395
2025-01-03,506.35,516.29,505.38,513,3020428
2025-01-06,513,520.3,509.8225,513.67,4444836
2025-01-07,518.85,519.5,511.22,514.25,3914545
2025-01-08,514.495,524.67,509.5123,524.52,4141728
2025-01-10,526.64,535.45,518.47,520.69,5467532
2025-01-13,535.045,547.4,533.14,541.14,6472465
2025-01-14,539.645,544.55,536.55,543.74,3978259
2025-01-15,537.095,546.29,534.33,543.42,4103865
2025-01-16,530.35,539.84,510,510.59,9059887
2025-01-17,505.62,521.82,502.8,509.76,7495719
2025-01-21,514.05,525,512.82,524.99,5682082
2025-01-22,521.66,524.44,516,519.72,3756139
2025-01-23,527.87,531.48,519.32,529.77,4580802
2025-01-24,528.11,534.63,524.51,532.51,3671163
2025-01-27,539.98,551.905,539.98,543.52,4262959
2025-01-28,543.01,546.5,537.8362,542.48,3162659
2025-01-29,541.73,543.4752,534.01,538.1,2737638
2025-01-30,539.47,547.11,535,545.57,2924741
2025-01-31,543.24,549.16,541.41,542.49,4120661
2025-02-03,542,553.91,541.07,548.18,4083572
2025-02-04,545.2,548.8075,541.51,545.45,2869935
2025-02-05,530.73,540.7,521.91,539.81,4621558
2025-02-06,537.89,539.1,525.27,530.04,3926829
2025-02-07,529.2,532.3918,525.39,527.03,3349299
2025-02-10,527.67,534.16,523.38,533.37,3143143
2025-02-11,535,547.54,528.265,533.92,2632107
2025-02-12,539.85,542.35,525.51,527.4,3859241
2025-02-13,530.9,534.33,527.1,531.18,2835051
2025-02-14,529,533.2,522.91,523.51,3705326
2025-02-18,510.94,516,497,500.73,8759280
2025-02-19,501.33,511.855,498.15,511.04,4380314
2025-02-20,505.19,508.4343,500.235,502.42,4144301
2025-02-21,439.55,469.7,438.5,466.42,19864870
2025-02-24,466.675,468,457,461.52,6919337
2025-02-25,460.77,470.76,450.07,470.38,9100970
2025-02-26,464.65,473.05,458.2,463.59,5108381
2025-02-27,466.17,475.3999,465.02,468.56,4216771
2025-02-28,467,476.36,464.48,474.96,6146326
2025-03-03,474.37,477.2749,465.2075,467.05,5700194
2025-03-04,469.75,479.21,466.46,474.61,5864135
2025-03-05,471.07,479.075,471.01,475.98,3637102
2025-03-06,476,488.12,472,487.72,4963988
2025-03-07,483.83,499.92,483.365,493.48,5434096
2025-03-10,492.28,497.85,477.71,480.22,5108930
2025-03-11,482.5,486.765,477.14,486.04,4101015
2025-03-12,483.14,487.595,478.82,481.11,3681016
2025-03-13,479.45,484.06,475,481.52,2877044
2025-03-14,481,489.45,478.24,488.65,3915911
2025-03-17,487.51,500.6087,485.945,499.02,5152316
2025-03-18,502.24,505.9699,497.82,503.8,3617629
2025-03-19,505.04,506.35,500.06,503.2,3317606
2025-03-20,505.25,514.39,503.51,511.3,4965390
2025-03-21,511.68,519,505.09,516.85,10244940
2025-03-24,515.08,518.245,511.12,516.5,3841080
2025-03-25,518.28,519,511.53,513.43,3015143
2025-03-26,515.2,522.95,512.85,518.2,3255026
2025-03-27,516.285,521.08,512.95,515.72,2822160
2025-03-28,516.87,520.98,515.05,516.04,2379100
2025-03-31,519.18,528.12,518.59,523.75,5238670
2025-04-01,525.74,528.17,520.95,523.12,2962708
2025-04-02,522.95,525,516.8,523.2,2378909
2025-04-03,529.99,548.5,529.29,540.44,6457925
2025-04-04,540.64,551.741,524.84,525.05,9918989
2025-04-07,513.4,529.2,503.59,524.7,7356702
2025-04-08,582.17,585.01,547.46,553.08,11762280
2025-04-09,560.14,589.4043,554.46,578.5,12691860
2025-04-10,580.235,601.88,580,594.4,8645986
2025-04-11,588.92,606.36,586.53,599.47,6121458
2025-04-14,595,595.63,579.29,587.06,4839273
2025-04-15,592.24,592.86,582.01,583.59,3871279
2025-04-16,585.32,594.81,582.96,585.04,4192093
2025-04-17,481.95,489.79,447.1,454.11,29120170
2025-04-21,449.76,453.4999,424.81,425.33,13029860
2025-04-22,424.64,431.4999,417.12,427.18,10156870
2025-04-23,427.07,438.85,423.75,427.96,8345659
2025-04-24,427.57,429.9,423.65,424.25,7629125
2025-04-25,423.56,423.56,412.02,418.64,9263777
2025-04-28,419.75,424.12,415.55,420,6614294
2025-04-29,421.19,421.75,409.1,409.23,9909076
2025-04-30,409.025,413.2617,401,411.44,9192825
2025-05-01,411.32,411.99,399.86,400.68,9316805
2025-05-02,399.96,402,393.11,399.92,11392910
2025-05-05,399.12,409.7,397.59,404.81,8157196
2025-05-06,402.8,404.7201,393.42,394.51,7858592
2025-05-07,395.35,395.5199,385.7,391.06,8521310
2025-05-08,390,390.92,385.37,385.55,7218320
2025-05-09,385.67,386.5525,378.54,380.64,8381054
2025-05-12,381,387.21,376.835,378.75,11004800
2025-05-13,335.735,342,309.1,311.38,59478310
2025-05-14,321.45,322.94,307.11,308.01,40029550
2025-05-15,274.9,276.65,248.88,274.35,121849200
2025-05-16,279.29,294.49,269.135,291.91,71094350
2025-05-19,304.775,316.29,297.245,315.89,62524660
2025-05-20,320.92,324.64,312.58,321.58,41486980
2025-05-21,301,309.96,300.07,302.98,45506880
2025-05-22,293.89,305.6699,292.5,296.67,27159650
2025-05-23,296.1,299.7,291.64,295.57,16873640
2025-05-27,299.5,299.95,289.13,295,20144560
2025-05-28,294,303.7808,293.28,298.11,16114190
2025-05-29,296.8,303.379,295,298.17,16262500
2025-05-30,297.97,305.64,295.8385,301.91,16309280
2025-06-02,303.12,313.55,300.97,304.72,19074370
2025-06-03,303.1,305.7199,300.01,301.22,12805720
2025-06-04,303.54,307.64,300.2,300.38,11255620
2025-06-05,300.38,302.42,294.11,295.84,13627790
2025-06-06,297.23,304.39,297.15,303.22,12588980
2025-06-09,305.035,307.4,301.141,303.19,12170320
2025-06-10,303.8,305.12,300.59,303.79,11384050
2025-06-11,302.68,311.58,302.23,310.56,14711370
2025-06-12,311.405,318.8,308.51,318.5,15957170
2025-06-13,315.9,317.4212,311.91,313.53,13762430
2025-06-16,313,313.27,304.79,307.66,14240080
2025-06-17,307.45,309.95,305.515,308.87,11593900
2025-06-18,307.55,311.79,306.23,307.2,12205630
2025-06-20,309.5,309.59,301.5907,302.01,16177860
2025-06-23,301.9,302.47,295.52,300.68,12274660
2025-06-24,301.45,305.82,299.3298,305.62,8781398
2025-06-25,304.38,304.38,299.8,302.02,8722083
2025-06-26,302.57,306.71,301.29,302.62,6532694
2025-06-27,302.95,310.45,302.2,309.11,15304420
2025-06-30,308.995,312.38,306.3401,311.97,10074100
2025-07-01,311.97,326.55,311.0801,326.14,17865490
2025-07-02,320.735,322.42,306.4301,307.56,18177190
2025-07-03,309.84,312.25,308.23,308.55,6161145
2025-07-07,308,308.605,301.2,303.71,9031224
2025-07-08,304.225,308.2999,303.8,307.7,9613844
2025-07-09,303.19,303.6,298.75,302.91,12816660
2025-07-10,303.06,304.93,296.6,299.51,11355630
2025-07-11,300.02,304.12,298,304.1,9808227
2025-07-14,301.64,304.04,299,300.58,10681440
2025-07-15,299.71,300.68,291.03,291.71,16019020
2025-07-16,292.55,295.99,290.75,292.49,9713979
2025-07-17,292.33,293,283.83,288.07,14792730
2025-07-18,287.89,288.07,280.81,282.65,14979710
2025-07-21,284.64,286.5,281.2,282.14,10319210
2025-07-22,282.63,287.11,282,285.13,14600340
2025-07-23,287.5,292.64,284.95,292.51,13111100
2025-07-24,283.1,289.21,278.22,278.58,22585190
2025-07-25,281,286.14,279.94,281.06,16486620
2025-07-28,283.5,285,279.69,282.12,15779350
2025-07-29,265.7,272.91,260.55,261.07,41706030
2025-07-30,264.8,266.63,258.1213,266.04,22371770
2025-07-31,261.4,261.4,247.75,249.56,29606860
2025-08-01,250.61,251.49,234.6,237.77,39989180
2025-08-04,238.24,242.25,236.9526,240.98,17427930
2025-08-05,241.16,252.0699,240.05,251,23795860
2025-08-06,250.64,253.1599,245.31,245.78,12946450
2025-08-07,246.42,248.7457,239.5,244.67,11369900
2025-08-08,244.79,251.08,244.37,250.89,10185750
2025-08-11,253.87,258.4,252.14,252.37,11779540
2025-08-12,254.02,262.88,253.6661,261.57,12207660
2025-08-13,264.39,272.1875,262.89,271.81,19480260
2025-08-14,272.095,273.85,267,271.49,25011100
2025-08-15,301.71,310.3,294.71,304.01,68198480
2025-08-18,313.175,316.3999,307.42,308.49,39600510
2025-08-19,308.9,310.5,299.21,304.24,22348570
2025-08-20,306.395,307.2,295.7,299.84,16678990
2025-08-21,302.29,306.5664,297.8,303.35,13358960
2025-08-22,306.1,310.68,304.58,307.42,14930050
2025-08-25,308.49,308.87,302.73,304.86,8917077
2025-08-26,304.31,308.96,294.2001,300.43,16303190
2025-08-27,300.54,305.97,300.5,303.88,9982781
2025-08-28,304.25,304.47,299.4,302.29,11234950
2025-08-29,302.3,310,300.91,309.87,12065370
2025-09-02,308.305,312.89,307.3,308.8,10957140
2025-09-03,308.11,309.59,303.7,307.88,9654569
2025-09-04,306.1,311.914,304.1,310.38,7725742
2025-09-05,310.44,317.94,308.2,315.39,14126710
2025-09-08,319.71,321.65,313.8001,320.25,18438640
2025-09-09,332.5,351.7099,327.16,347.92,46408870
2025-09-10,345.56,348.57,341.4,346.78,17804300
2025-09-11,349,360.98,345.84,353.61,18943510
2025-09-12,355.9,362.31,352.46,352.51,14016240
2025-09-15,351.255,351.71,342.53,347.89,11035850
2025-09-16,347.5,349.0358,338.32,339.78,12695820
2025-09-17,337.69,343,337.69,341.61,8467682
2025-09-18,343.53,344.93,334.12,334.82,11255560
2025-09-19,336.5,340.959,333.84,336.69,13656840
2025-09-22,334.46,342.48,332.6,341.3,8903744
2025-09-23,341,352.7,339.9611,347.69,12504060
2025-09-24,350.2,354.5,347.84,351.81,9016256
2025-09-25,348.9,350.19,343.6,345.56,8104859
2025-09-26,347.93,349.97,341.3,344.08,6774710
2025-09-29,343.98,345.5499,341.45,345.18,6878937
2025-09-30,343.75,349.32,342.33,345.3,7429653
2025-10-01,343.9,348.7,341.63,348.3,8825487
2025-10-02,347.29,355.08,344.65,353.72,8564187
2025-10-03,357.25,368,356.61,360.2,13494790
2025-10-06,361.025,362.52,357.11,358.77,7181663
2025-10-07,359.41,364.72,358.06,363.66,7236242
2025-10-08,366.93,374.63,365.8,369.92,9438333
2025-10-09,372.52,376.22,366.08,367.69,8759801
2025-10-10,369.4,369.4,352.51,354.5,13141910
2025-10-13,354.74,359.16,353.32,358.66,5659400
2025-10-14,354.95,362.33,353.4001,359.93,5974813
2025-10-15,359.39,364.22,355.85,361.15,6579630
2025-10-16,361.84,362,354.4,356.67,5872116
2025-10-17,351,358.39,350.83,356.6,8608378
2025-10-20,358.54,365.57,357.5101,364.48,5996541
2025-10-21,365.14,371.05,361.5,365.37,6885288
2025-10-22,363.96,364,358,361.49,7833031
2025-10-23,355.58,362.28,353.6415,360.45,5756666
2025-10-24,361.37,365.42,360.025,362.5,5462101
2025-10-27,363.5,366.22,361.4,365.98,7766441
2025-10-28,380.68,381,358.633,367.84,18858690
2025-10-29,364.28,366.15,353.88,355.26,11874950
2025-10-30,347.515,354.54,343.6,344.75,11441930
2025-10-31,344.39,346.28,337.12,341.56,8390831
2025-11-03,339.13,340.7,326.6,333.79,11181380
2025-11-04,327.63,336.5,327.2,330.83,9646591
2025-11-05,326.3,330.2055,324.22,327.74,9697089
2025-11-06,328.92,332.365,321.45,321.56,7922131
2025-11-07,319.655,324.55,314.16,324.21,9402873
2025-11-10,319.99,324.25,317.17,321.58,9283842
2025-11-11,323.3,327.8599,319.88,327.45,7157796
2025-11-12,328.45,343.17,327.0846,339.06,10403260
2025-11-13,338.35,339.03,331.29,332.52,7788683
2025-11-14,326.95,328.2121,320.49,321.86,8676498
2025-11-17,320.6,327.88,319.43,320.52,6485370
2025-11-18,317.01,317.5,308.77,313.58,9182145
2025-11-19,313.93,315,304.53,309.09,8181075
2025-11-20,310.81,314.745,310,311.54,7337568
2025-11-21,311.91,323.835,311.44,319.97,8406306
2025-11-24,324.525,325.846,317.62,319.05,10773810
2025-11-25,321.12,328,320.904,326.28,6149110
2025-11-26,326.59,335.19,325.89,329.71,5504205
2025-11-28,331.67,332.06,328.89,329.77,2464462
2025-12-01,327.16,330.06,323.03,323.21,6154560
2025-12-02,323.37,328.7,322.8,324.54,7978098
2025-12-03,326,341.405,325.01,339.71,9769961
2025-12-04,339.4,341.26,328.72,333.49,8061622
2025-12-05,335,335.71,328.51,330.91,5905996
2025-12-08,328.7,329.1,322.83,323.62,4782815
2025-12-09,323.16,326.36,322.48,323.6,4628440
2025-12-10,322.75,328.73,319.6,328.37,5910546
2025-12-11,330.37,339.25,328.76,336.73,7513165
2025-12-12,337.5,344.98,337.37,341.84,7978995
2025-12-15,340.99,344.96,337,341.1,6447186
2025-12-16,340.42,340.99,331.0301,334.2,6334030
2025-12-17,333.61,335.52,330.48,331.63,4685579
2025-12-18,328.93,330.18,324.57,328.14,6354947
2025-12-19,328.06,334.6,326.07,327.42,10552980
2025-12-22,322.9,329.8,321.65,325.16,7872420
2025-12-23,324,327.7999,323.76,324.8,4463292
2025-12-24,325.2,328.99,324.13,327.58,2842681
2025-12-26,327.2,331.89,326.2625,331.83,4359289
2025-12-29,330.89,334.25,328.28,328.94,4346789
2025-12-30,329.73,336.15,329.51,332.16,4432488
2025-12-31,332.32,333.33,329.88,330.11,4285205
2026-01-02,330.895,340.2578,327.5,336.4,6863568
2026-01-05,335.45,346.9399,333.85,342.02,7956616
2026-01-06,348.35,352.61,345.12,348.97,9441893
2026-01-07,348.98,350.11,338.04,341.7,7461438
2026-01-08,341.01,347.9,340.8,346.85,5059271
2026-01-09,347.25,349.055,342.48,343.98,4129132
2026-01-12,341.42,342.65,333.94,340.51,7146356
2026-01-13,341.5,341.8439,332.85,333.93,5605928
2026-01-14,335.37,340.11,334.1,334.96,5740921
2026-01-15,335.2,339.45,328.06,338.96,6943513
2026-01-16,334.86,336.2,330.43,331.02,8039139
2026-01-20,327.4,339.89,326.5031,338.43,7596497
2026-01-21,339.43,348.0799,338.69,347.75,8933337
2026-01-22,347.18,354.95,346.77,354.47,7491394
2026-01-23,354.275,357.87,352.99,356.26,9082197
2026-01-26,353.95,354.79,347.27,351.64,10399470
2026-01-27,293.97,299.5,280.4,282.7,65836930
2026-01-28,283.72,294.9399,283.72,294.02,23396870
2026-01-29,294.33,295.6,289.22,292.29,13456390
2026-01-30,292.1,292.95,284.7,286.93,12022200
2026-02-02,286.02,290.4,282.28,285.59,8664194
2026-02-03,284.7,288.09,278.6,284.18,10809130
2026-02-04,282.01,284.5,274.05,275.92,12944130
2026-02-05,274.285,276.8874,266.29,268.55,13035320
2026-02-06,267.06,277.81,266.405,276.65,9572782
2026-02-09,274.15,280.18,273.3218,275.7,10371570
2026-02-10,277.52,279.4899,272.65,273.22,7284704
2026-02-11,272.44,279.69,269.8,278.91,6333068
2026-02-12,278.16,286.31,275.81,284.37,12336890
2026-02-13,285.63,293.46,284.5115,293.19,10281940
2026-02-17,294,294.23,288.3449,289.09,6091749
2026-02-18,290,290.13,286.29,288.2,6632041
2026-02-19,290.89,290.89,286.89,289.93,4931832
2026-02-20,288.9,290.8,285.55,290,6974112
2026-02-23,288.55,291.77,281.67,282.34,7247495
2026-02-24,282.195,282.4,271.8,273.95,9684486
2026-02-25,277.285,284.74,276.87,284.2,11380560
2026-02-26,286.98,295.26,285.23,286.66,10210030
2026-02-27,284.7,294.13,283.85,293.27,9723340
2026-03-02,288.16,295.31,287.5,294.93,8141440
2026-03-03,288.99,293.74,284.3637,289.21,7051120
2026-03-04,289.01,294.34,287.6801,291.96,7796033
2026-03-05,290.05,291.39,286.74,288.77,5407721
2026-03-06,287.34,291.325,283.05,286.48,6816942
2026-03-09,282,285.2,278.66,285.17,10348850
2026-03-10,287.38,287.58,278.9,282.34,6075603
2026-03-11,282.38,286.22,280.6,285.25,6878812
2026-03-12,284.775,287.56,276.29,277.05,10512300
2026-03-13,278.06,282.88,277.81,282.09,4737558
2026-03-16,283.98,287.3999,281.04,285.49,4853972
2026-03-17,287.8,288.99,284.84,287.57,5752046
2026-03-18,285.2,288.4,283.07,284.33,4544057
2026-03-19,284,287.545,280.07,280.44,5542062
2026-03-20,278.99,283.1,275,275.59,38893040
2026-03-23,279.14,280.745,269.0918,269.54,10424150
2026-03-24,268.87,273.38,267.59,272.28,5911688
2026-03-25,275,276.08,267.1141,270.55,8121164
2026-03-26,269.99,274.64,267.18,268.05,6218751
2026-03-27,267.5,267.674,255.965,259.02,10735260
2026-03-30,260.18,262.33,256.67,261.79,7774686
2026-03-31,263,271.88,262.61,270.59,9170779
2026-04-01,274.21,275.298,270.76,273.98,5473399
2026-04-02,272.29,279.04,271.53,277.26,6407008
2026-04-06,277.875,283.3,277.25,281.36,7097033
2026-04-07,308.845,312.43,300.75,307.73,22099830
2026-04-08,312,312.97,304.8317,305.98,9645031
2026-04-09,305.82,307.885,304.14,306.91,5742017
2026-04-10,307.95,310.3699,304.2,304.33,5212893
2026-04-13,303.25,313.32,302.92,313,7972223
2026-04-14,312.51,319.62,312.51,314.19,5864506
2026-04-15,316,317.76,311.145,314.05,5041157
2026-04-16,315,318.61,313.1101,316.4,5205638
2026-04-17,320.05,325.27,317.135,324.63,9414685
2026-04-20,324.19,325.4,320.12,323.48,9050575
2026-04-21,353.01,357.68,345.23,346.01,26097320
2026-04-22,350.88,358.56,349.1,353.52,11807250
2026-04-23,354.68,356.85,350.5,354.56,7255802
2026-04-24,356.49,358.28,351.385,354.92,8554577
2026-04-27,353.91,356.49,348.95,354.69,7256096
2026-04-28,356.84,369.63,355.72,366.77,10604100
2026-04-29,366,370.84,365.01,370.74,9046553
2026-04-30,368.51,371.99,363.0036,370.48,6879865
2026-05-01,371.96,372.9,367.02,368.78,4945442
2026-05-04,368.55,370.83,364.65,370.75,4916862
2026-05-05,370.475,371.8,361.8108,363.87,6489023
2026-05-06,363.1,368.55,358.25,367.28,6695494
2026-05-07,366.64,369.81,364.72,369.74,5235407
2026-05-08,371.99,379.98,371.99,379.98,6455080
2026-05-11,380.45,384.81,376.0707,384.44,6949607
2026-05-12,382.85,397.415,382.01,396.39,9236323
2026-05-13,396.5,404.15,393,401.16,8454062
2026-05-14,401,401.899,396,399.09,5342488
2026-05-15,394.3,397.63,390.25,393.85,9811193
2026-05-18,390,392.14,383.5001,391.13,8400656
2026-05-19,390,394.99,387.51,389.24,5016806
2026-05-20,389.55,393.38,380.7,383.3,7783866
2026-05-21,381.12,386.105,380.54,382.48,4732450
2026-05-22,381.92,390.54,381.01,388.47,5602085
2026-05-26,386,386.52,376.4101,376.86,6498144
2026-05-27,378.425,384.53,377.09,384.01,4546689
2026-05-28,384.96,389.26,380.955,382.53,4334784
2026-05-29,383.78,385.12,375.45,380.31,10262270
2026-06-01,376.105,383.345,375.92,379.86,6623720
2026-06-02,377.98,380.08,374.7243,377.92,3874403
2026-06-03,380,387.46,376.81,377,6808435
2026-06-04,390,401.375,389.82,396.47,12666060
2026-06-05,399.54,404.04,397.2,399.47,10897300
2026-06-08,397.13,408.71,394.9896,406.57,6963211
2026-06-09,409.99,413,407.44,413,8590373
2026-06-10,413.5,415.98,404.55,407.46,6512882
2026-06-11,408.71,409.98,403.11,405.55,4938139
2026-06-12,409.01,409.89,404.81,408.52,7269619
2026-06-15,406.7,414.155,399.65,411.04,6777892
2026-06-16,410.675,411.75,406.54,407.65,4815079
2026-06-17,409.12,411.16,398.59,399.53,5838763
2026-06-18,402.77,406.2,399.15,400.96,11896850
2026-06-22,402.14,409.46,402.14,406.68,5818614
2026-06-23,409.52,409.9,402.835,409.25,6675885
2026-06-24,410.535,413.43,400,405.8,6858810
2026-06-25,406.65,417.58,406.65,415.53,6018521
2026-06-26,416.16,427.93,416.16,427.89,10588250
2026-06-29,426.53,426.695,415.81,419.82,5167409
2026-06-30,422.72,422.74,413.25,415.63,5779798
2026-07-01,417.11,428.02,413.73,426.54,4985860
2026-07-02,428.13,430.2,420.54,425.36,3931596
2026-07-06,423.49,424.435,415.05,417.99,6379039
2026-07-07,423.95,428.6,422.13,428.19,5800450
2026-07-08,427.145,430.77,423.83,425.6,3859208
2026-07-09,427.11,434.2999,423.516,431.68,5565979
2026-07-10,431.67,432.855,423.65,424.62,3798624
2026-07-13,426.465,431.55,425.525,429.09,3863760
2026-07-14,431,432.15,421.785,425.19,5135861
2026-07-15,419.49,424.11,414.37,418.52,6764791
2026-07-16,449.39,461.62,420.37,423.38,13281900
2026-07-17,426.72,437.47,425.1,426.09,10718110
2026-07-20,427.25,431.015,417.38,421.55,4818810
2026-07-21,422.48,437,420.5,436.35,6833628
2026-07-22,434.95,436.32,429.7,431.31,4234137
2026-07-23,428.265,430.485,420.4001,423.56,4868745
2026-07-24,425.24,429,418.92,420.74,3752476
2026-07-27,422.51,422.88,412.54,417.64,4616624
2026-07-28,419.93,430.46,415.11,428.79,5919971
2026-07-29,428.26,431.68,420.35,420.57,5260734
2026-07-30,415.19,427.34,411.29,421.47,3650543
2026-07-31,422,422.81,414.06,414.4,3920870
2026-08-03,417.43,419.34,413.315,415.36,3209606
2026-08-04,415.555,416,406.67,407.55,5266258
2026-08-05,403.19,416.36,397.8,412.75,5399007
2026-08-06,415.27,416.97,402.4,403.97,4712393
2026-08-07,401.585,410.64,400.66,407.08,4095868
2026-08-10,408.6,413.07,407.99,408.74,3182188
2026-08-11,409,410.9047,401.32,402.19,3398912
2026-08-12,400.98,407.2,400.5,405.59,3317170
2026-08-13,405.59,407.32,398.59,399.06,4170216
2026-08-14,398,403.18,396.56,401.73,3476442
2026-08-17,398.57,398.9,391.425,395.62,5295055
2026-08-18,397.43,398.79,393.51,393.93,3605082
2026-08-19,394.57,396.8,386.33,388.61,5268509
2026-08-20,388.25,392.7095,383.83,384.85,4497174
2026-08-21,386,393.655,386,390.11,4885901
2026-08-24,391.04,399.58,390.855,398.76,4687755
2026-08-25,397.8,399.03,395.62,396.59,2657141
2026-08-26,396.33,406.25,396.01,401.01,3560032
2026-08-27,396.87,399.88,393.77,395.05,3670816
2026-08-28,396.42,396.74,392.66,392.95,2457152
2026-08-31,393.52,394.49,387.71,389.41,5748583
2026-09-01,392.08,399.6,391.78,396.3,3717252
2026-09-02,399.27,401.14,396.51,399.66,3266755
2026-09-03,400.02,405.16,395.3005,400.94,5489555
2026-09-04,397.05,402.225,395.2,397.14,5566518
